100
1720 9434 4214 1188 1311 2255 1868 4739 8154 1813 6040 5022 8502 2837 9713 7229 9148 3740 2043 9898 9272 3143 6829 1202 9503 563 4349 5406 94 1385 4951 8166 819 9165 9355 8482 7773 7575 3221 2279 5740 5613 7301 4242 4803 3366 7824 303 3458 9867 201 9083 9362 7030 285 5217 3945 987 6976 392 2372 1927 8558 9544 1093 4265 8026 8866 8192 7600 1145 3933 3213 4798 4527 4368 8164 2351 4671 7974 8571 4872 7057 4285 8254 7343 9503 8552 4682 6479 8944 3406 8406 3854 2950 5851 8120 7329 1069 6312 
4929 8566 6597 4494 9716 1125 8863 7880 9828 3534 5855 4751 4759 9264 9037 9365 6607 4892 7917 7641 1371 3213 1048 6129 7068 350 8333 1540 7679 5754 4204 8960 4321 7154 3455 4037 8279 8670 8270 4459 8556 477 9211 9667 9741 8248 9033 2701 3140 3302 342 863 6516 7742 3344 9936 8093 1677 7828 5772 3784 2032 1085 8105 9186 4540 8494 3817 3210 3116 4629 8118 3593 3840 7786 9687 8440 6819 8740 7932 6473 9082 5147 9341 3177 8491 9277 1270 6521 3457 3394 305 1842 4479 4762 7380 5371 3256 1198 4933 
2725 5827 3052 2670 6019 838 2357 811 4009 1097 5095 6834 6532 242 6176 6061 5085 1805 7331 7958 5263 7077 4615 7105 7909 9377 837 3280 8986 2035 8214 1711 4214 7618 4381 6585 8456 3091 7396 8817 540 2491 5651 3424 9085 8179 9485 4171 9985 3168 8481 1600 246 3097 5057 8155 2474 5894 7787 7812 4282 6001 5875 4848 9971 257 1434 8427 9700 5182 3596 6592 4026 5600 17 9463 3779 5854 9986 116 9023 8468 8068 5621 1565 3125 128 4039 5372 7915 8204 9654 269 4079 854 240 688 8640 5020 6740 
175 4968 3333 4201 568 3350 16 700 5556  3 7168 931 8471 5237 6552 36 4714 3032 427 86 7300 4983 6092 3921 9063 6947 513 9751 5587 1885 6492 5762 6854 6177 6315 3774 5879 2684 826 1435 2687 7995 2367 1158 3232 5271 7546 7946 4656 4325 4385 8308 9309 477 2229 8372 7424 9094 4475 9364 980 7319 1478 4186 3496 4146 4312 5727 6830 5139 7163 9517 9486 5882 7027 9070 7505 4573 3368 2161 5250 7753 469 4559 8231 9050 9283 2007 8145 111 7723 9125 3782 9202 9663 7279 3348 3975 9358 178 
5466 6521 6047 4952 8755 3074 4022 6261 3999 7391 4774 9249 5144 5244 161 9727 4294 5796 8087 8791 5907 5810 7916 9690 1364 3931 3321 1064 7907 2679 7594 3373 5553 3641 4678 4308 3067 5052 569 7066 2443 5344 2668 3940 6940 9181 19 7586 4977 8106 6378 885 269 646 6927 7985 930 248 9050 8837 2927 6644 8562 4832 286 9592 9141 9705 4645 6062 6772 7088 7758 5792 7380 1050 4973 7400 8637 6302 1858 1367 7187 8479 8365 466 6465 9295 714 5515 4484 9994 2159 9399 4826 8797 8991 3967 8503 3636 
6382 1627 7077 4140 3771 4457 5191 5096 8209 180 1398 6420 1547 4938 4899 6264 5404 1364 5560 6119 3231 6396 2465 1743 5795 7291 540 4787 7611 5395 8423 3993 3374 5500 4485 7145 6310 6028 2241 4519 6208 3640 939 4107 8578 2191 372 3982 3555 2284 6453 3139 8680 8918 4882 828 2562 1774 5615 173 7170 390 518 6896 2243 5003 4042 8553 7384 2635 9424 3592 6275 364 7700 1205 8907 4424 1540 2462 3060 4345 1953 1740 3264 6835 8920 5826 8610 4535 2351 2132 4926 9221 5380 3521 576 9422 2074 7960 
2058 1498 1553 4685 8214 5605 2243 7121 29 3783 5936 3089 8128 7889 1181 7744 1077 102 9922 6039 989 2273 4523 2267 7846 9903 5788 8423 5678 7862 6383 7736 5713 7936 8773 3927 3541 7368 7401 9922 7503 3337 3011 5632 7578 545 9728 8655 647 6003 4694 1636 4628 9217 3904 2475 9121 9692 898 4799 3907 7281 8887 9620 5218 4012 9899 5111 1381 7300 5034 8884 6989 8045 868 920 8590 6949 9575 5589 2952 622 7226 7580 6191 7482 55 1664 3526 953 2815 7433 4587 1702 3405 9805 2067 3305 1268 9800 
6957 6302 5036 299 700 5905 1219 5642 9206 794 7584 2158 7768 1162 6090 3960 8644 2498 5624 2170 9803 8440 5956 4390 6494 9361 547 8561 9018 1816 4713 2328 4470 9750 2627 5170 2007 3846 7165 1213 992 4749 9723 8761 5911 5813 2721 907 4663 4697 9429 4467 3137 5385 8857 5984 1099 9405 897 6469 7573 5611 8797 2043 5361 1424 3566 3720 5270 731 4933 2615 1832 1008 1376 7743 3173 449 8650 7837 5146 4431 2304 4636 9817 1161 620 7268 6918 1517 3737 4491 3480 2535 6535 8841 311 101 8913 1934 
7184 3846 4549 9016 1206 5925 3111 4380 2726 8113 2217 4224 2544 4521 8860 8713 2034 5832 5981 5305 7350 6071 9796 830 4958 2683 6024 5269 9136 4937 7203 2672 5136 8104 1688 6342 4029 4799 7074 3107 9264 9291 7332 1809 164 6192 522 8551 8377 2856 3856 5727 5279  4 2909 6589 2688 5285 1858 8176 6575 5414 849 1711 3518 2537 4405 3900 3689 1480 7007 2953 7123 4339 1114 3640 6884 7989 8543 5261 7197 2399 7340 2476 2403 6601 9065 1443 1887 7275 9620 4814 9041 6821 2877 2560 9358 7282 2812 9399 
5114 9819 8705 8590 511 6171 8582 3747 4160 7125 9008 1357 9524 2700 3833 8279 9301 9250 6075 7540 6526 2047 8706 5567 8868 1583 4479 4578 5218 7291 3978 6684 3463 9035 5274 326 5206 208 4073 9367 7333 9433 7076 3209 8485 910 7841 4138 6512 3916 8031 9390 5963 6737 4958 4831 8321 5789 9409 3539 9433 9739 223 9248 5126 1850 9574 333 2058 9999 6052 5744 5784 3128 8953 621 390 6794 4759 6903 7062 2790 6293 9377 9528 7603 4208 4201 9745 9970 7740 9178 6061 4315 4778 1188 2517 704 7873 4576 
703 3925 6672 2839 7053 5625 3460 3796 8772 8219 7051 2186 7362 3344 1564 3242 7300 2124 7443 3397 2094 1535 8927 4508 2202 3705 5696 4720 4409 9921 5648 1464 3846 2320 655 7251 4297 4115 1047 3069 8686 8098 1608 2400 7795 3172 5642 1447 5296 9437 4844 3743 972 3771 8251 9527 3828 299 4247 8237 220 6247 6053 4066 4919 6708 7669 9216 823 5069 8638 5861 3167 246 8262 7314 3418 3904 5113 5066 9694 9957 8809 666 80 7060 193 3908 3711 792 8497 3931 3391 4550 4349 8310 1258 2019 3879 8433 
7088 2517 4295 6607 9115 2557 274 8885 2813 5387 3951 2507 5345 2761 9526 1777 6173 6071 5686 9885 3216 535 168 6607 5086 4518 1270 6344 2889 5149 4778 6329 4018 5425 9288 3133 7982 9562 2018 7147 1302 2321 6007 6647 1434 1885 4776 7608 4308 6814 3845 7524 7350 4013 484 2436 4883 8106 5132 4124 3255 9910 453 7273 5335 6094 6758 9669 5656 5128 3169 6958 3801 5528 9957 5236 7413 1086 2844 1721 7900 6689 5598 5250 7054 2434 4038 1938 540 9171 6062 147 5433 2868 3772 7121 8962 530 3142 4618 
2010 6311 7929 5811 1839 4238 1047 5604 5324 243 3678 3225 6932 5628 4827 339 8062 5218 2277 4954 4389 4691 5101 6174 7559 8873 3295 6521 5755 6438 7492 7765 9101 5421 9928 941 6011 7328 2897 1336 7571 6575 913 856 2203 2092 1195 6617 7310 3472 1571 1699 8163 3024 4226 2075 1897 7521 8596 7652 311 6088 1769 9413 7861 8050 6706 3873 5378 9603 1561 2949 2531 2474 3805 1086 4566 1352 7704 1877 4824 5627 9928 9340 8652 4154 1415 6901 8028 6363 4554 4691 8804 2675 4104 6665 725 810 6890 2455 
6766 4803 5405 9297 7277 5562 6735 8196 6915 4439 6425 8091 6419 2705 3783 5071 3212 1550 1972 7592 7914 2878 2283 6718 1906 6388 9735 8983 3550 2978 1439 6668 7781 3196 5965 1411 5110 9053 5959 2025 9844 2384 6469 6263 1441 252 7686 4653 1803 6011 2245 6069 5241 881 2787 7147 7269 8874 2483 7171 1852 274 3840 5986 3470 6157 7397 8580 5210 3356 6958 5055 2092 3427 7670 9885 31 5357 4539 1834 1368 3136 7903 2961 4017 7042 109 7638 2269 8944 4810 473 9218 8650 6459 9040 1159 208 7620 6370 
3564 930 1425 2008 4357 9095 1894 4389 804 2785 2575 8524 2273 6831 1486 2643 225 7947 281 2494 6891 1443 2968 2461 93 9427 1501 7605 9636 5473 3975 9552 6404 1752 7913 7113 7199 9807 7854 8004 2592 430 2880 1217 7261 4366 3860 7486 2313 4142 6333 5556 5585 9301 8017 2031 5080 9518 9636 4716 4992 9963 621 1396 1715 8534 4861 5266 8341 2716 3270 7285 3146 2503 8502 6759 6869 8715 597 9183 2857 6930 1091 4794 2583 9109 3177 7664 4979 9165 8732 9971 5480 9353 7719 7195 7887 2581 2462 2580 
5297 2084 6217 4795 4587 4720 7906 7809 9787 8503 3344 2644 1786 4435 3790 721 9896 3320 8385 4876 8837 3470 4847 4318 2823 8919 1513 711 1500 327 9643 3149 8764 5861 7944 9703 6933 5850 7512 6720 705 7208 5716 8843 1644 9506 5917 1540 9178 654 6416 8016 4124 7616 2334 6948 6535 199 4011 8035 6879 3654 1184 1995 9515 5480 1698 2800 7682 5563 9520 4739 2771 5236 3583 767 1095 5852 2308 273 6506 5076 4641 631 2692 3327 7579 9227 3527 7942 3614 6758 1596 1150 8753 7464 6630 451 264 664 
2366 6137 5404 1490 1373 5339 2257 2468 1191 917 9094 7697 5994 87 8328 8686 3415 2259 4266 6942 201 7880 52 8150 5383 8805 5614 8365 5608 2230 9030 7975 8367 4434 9465 6093 9773 8074 8561 7316 8992 4007 5013 4986 4095 9694 24 3862 1953 4290 7156 2155 8523 7208 305 3906 6013 2271 8623 1621 4501 7653 5948 9221 2087 1765 5314 8212 9840 227 1880 8832 587 6894 3818 1034 2940 194 4896 4893 4485 2052 3400 9360 9260 57 9618 1625 2328 8241 9598 3182 5895 5547 8755 4334 3664 4069 8899 3504 
648 779 8688 1235 4025 8858 2269 6965 9053 7165 8211 9890 5569 1611 9250 1181 1669 5220 2806 349 3461 2405 9883 5708 4304 8638 6395 7968 9059 5294 7825 9708 2425 6513 943 6451 1724 9565 9768 777 6730 7979 667 8652 5943 6269 9833 7612 1489 2640 4313 4950 1397 4197 7011 2053 9187 3406 6373 8247 8700 550 4307 1125 7064 1602 3928 8788 1167 3697 5917 7898 1676 6584 6550 7619 2853 2735 1583 4342 5375 2249 5644 3124 2798 2655 5177 1985 6061 7903 6584 1113 8453 7243 8591 1869 8846 2519 7009 13 
2568 2926 4263 4245 5862 7165 8216 5067 9901 6152 5761 1628 8401 1406 4753 7551 413 6282 9536 2827 4185 2473 3940 8991 9716 2531 7212 4914 1403 4222 4928 3971 3500 9191 4568 9363 6357 9137 4430 6258 5289 192 4238 42 7950 8991 7593 8363 1626 3481 7542 2163 2306 1483 1154 2023 366 8367 3289 8121 8941 8217 2093 2441 3761 3013 8156 6470 2150 8939 9080 7439 5483 3318 3833 3433 2310 1426 8148 288 4908 5691 2451 7214 3526 3606 5589 244 8325 5231 8366 7266 3448 459 6059 3561 3472 4216 31 1975 
3155 9111 9414 8638 2430 9600 8423 1092 1026 6571 1380 2286 8614 183 5853 2140 141 7794 2385 8466 3025 7103 2084 2826 7562 4496 6387 7386 5064 6419 9361 8219 1882 5128 3209 664 4728 7984 1756 2106 907 9488 4393 9522 9672 6598 8014 9813 4392 6751 4632 7418 3854 6716 244 7768 7564 2983 1507 2628 9402 7220 7199 7637 8700 6760 8301 3428 4744 6410 1887 5652 5898 2632 1526 1922 9230 5892 1736 3622 8996 2720 7392 9202 5788 3988 3323 3353 6972 4830 5981 2726 8402 3181 363 7103 9941 8665 6883 1038 
5075 8770 3042 7325 1402 920 9248 632 6812 7336 607 2160 56 7999 1363 5844 1988 4686 9197 8960 5868 5179 8038 4270 4712 8402 1373 1005 3419 8257 2043 4846 3379 5085 2171 4782 6005 1419 1766 9170 8755 2373 1330 5163 373 9045 1008 8713 3731 205 4025 5951 1736 2063 222 6448 465 7947 7454 236 2556 9497 5082 5936 935 7254 7070 6940 5025 5188 6110 133 7562 3793 5296 4287 2838 6304 3000 2922 2862 7025 8873 4598 5440 9095 7399 2258 3395 1205 2494 5951 7054 3929 8239 7989 1183 1661 1282 2560 
6850 3744 2693 4412 7537 4342 5051 376 646 4403 3298 9860 7780 2171 4459 3220 7619 8210 5478 7366 9415 4325 3317 6469 8254 7909 4459 5789 9570 2093 8349 6420 5837 7395 7184 3375 1737 8587 103 8735 2990 3401 8596 770 1924 3055 343 5895 1265 2173 3261 7032 6498 2931 3501 1104 7192 4312 6893 6762 6405 5243 9535 2243 2638 3071 1970 727 8011 2073 9462 1001 1826 8058 8124 102 7465 8467 5998 5082 640 5611 2114 3491 4894 1968 4595 8438 6280 1489 1553 9038 3084 7440 7633 2074 511 9603 2801 8522 
8028 2263 5876 9854 322 4000 9956 7787 8819 2306 2870 5811 4270 1336 9302 5516 3304 3898 3955 9585 1739 5508 4975 4823 2948 2608 6897 9811 8563 6050 4686 6591 8313 6914 2797 4987 7266 2753 2775 6085 1412 1997 1896 2034 3333 7551 7550 6638 1449 7857 2575 3188 9717 3902 4363 9017 6510 7612 8829 1425 3662 9867 8016 1975 3133 813 3315 399 9918 6090 2836 1330 4439 1084 3364 4124 8635 7267 762 6436 5124 9689 5976 4842 3591 339 3859 6453 7951 9040 7878 7965 5259 2246 6293 8392 9411 9608 5143 9330 
2050 7979 7012 6489 9064 6729 613 7699 348 7728 4136 5472 3769 6464 6666 7361 6804 6878 166 1107 2270 8045 9073 7530 6643 5366 2274 6055 4974 7418 1737 7024 5397 5101 9865 813 1830 6830 4865 8530 4558 5353 355 4680 1817 7021 2041 8621 3899 8559 9729 2522 6604 5154 52 9600 6872 2326 5655 1846 9744 3744 5222 1494 8845 1439 2307 7028 8269 7172 5558 9180 2525 5913 3860 4343 2935 2253 9316 3186 812 5397 2060 3769 551 2112 3369 7423 791 5376 5621 6887 9120 7195 4733 7965 4986 7041 4993 9608 
565 6904 8788 9443 2817 9000 138 2104 1253 9454 1643 8417 4852 3703 8538 1755 2168 1907 5531 2959 7283 7504 9846 6403 1052 4580 721 6038 7973 2066 5646 4890 8970 786 4333 1788 9786 4471 3892 7391 278 1887 2161 1482 5591 699 9589 7759 8959 5120 7070 6242 8977 3268 8998 6381 7848 6071 8771 2173 8137 4418 7064 7108 1556 7749 5248 7695 8573 9140 1438 8851 7380 3599 333 2971 651 6274 7082 9610 7747 4152 2204 6724 7420 1202 9457 1621 3625 8228 146 1763 8998 3562 8871 555 1312 4119 4602 6237 
9611 6040 5088 6991 9640 1773 6314 6643 4399 9748 6253 2146 252 8457 8870 7673 6012 4679 5646 9637 2908 2144 1400 1906 5707 6623 8813 3371 7094 3415 9608 3058 9456 1048 6401 5448 9173 2716 2091 3572 8816 4696 5719 9069 3153 941 3094 9165 1973 8740 5155 4881 884 2907 6787 2943 9531 5601 6314 2977 9016 2274 6035 4824 9674 2437 272 8847 1505 2363 8772 321 7059 843 5742 6565 8136 8836 2082 109 3928 7237 4990 4813 6497 8130 4108 6028 83 423 9005 9099 9049 5041 3924 8724 3830 548 7571 5335 
9264 2695 2008 6323 3538 7751 9240 8027 6587 1323 8136 516 4912 9479 1681 1409 7609 5789 3789 7692 2564 9147 3143 1614 540 3419 338 4370 3968 4261 9705 3232 6957 1713 5907 6847 5816 5148 4874 2404 2823 9363 9272 4087 8842 953 1849 2803 3094 5638 495 5659 4785 9990 3625 5325 3410 3963 6047 7378 8224 2104 6962 1533 170 2869 8381 5986 4369 9607 8390 7192 8970 7662 7632 4164 4967 9481 6967 8062 5119 3814 73 6257 3805 3698 7934 3567 7661 334 945 2237 2438 7907 123 2608 7128 4856 8595 1498 
4463 3337 5042 9786 7352 2674 3950 2319 2155 7270 6733 3627 1084 6806 6236 1241 504 4170 4808 4517 4504 2105 3107 3295 6364 3230 5903 3493 8086 4498 4991 8901 4188 6385 5039 1540 9060 5342 211 1215 2612 6945 1194 48 103 7430 1290 6960 7953 6098 1477 8809 8204 936 2104 4568 4166 8008 4413 8604 8858 5756 3858 9398 2142 8897 938 7554 4239 1150 8769 3203 8095 6316 3252 8198 3746 894 5158 8051 6992 2988 6861 1548 3924 8965 2469 4443 3325 3234 9399 8536 8991 9609 7934 7485 4859 5225 5039 9098 
6375 160 8654 822 6476 8258 5372 6575 9152 6883 4626 2496 9871 1487 397 147 6805 2866 942 6482 2452 6694 1370 1443 6303 9305 5280 1162 4530 319 6613 7257 480 1619 8079 3308 9877 3451 9883 9029 6686 862 1525 6557 2349 1922 3057 5506 1140 351 1989 3593 3397 9711 1388 9701 9016 6669 7215 9898 3340 180 3507 172 1799 1586 9833 1676 1390 9716 705 8076 6930 2231 986 5632 505 395 1138 1646 746 9479 5239 4144 9191 2979 197 4559 6000 7412 810 9341 7593 4317 5865 5744 5904 5698 7421 3646 
1767 8126 1722 8697 6709 2708 4329 7215 9455 5468 8861 202 1299 452 698 6842 3431 7247 1402 9432 1011 2212 5125 4956 6529 990 701 8785 6689 8122 2431 8456 6248 506 7153 2958 3214 7835 6525 9022 9655 5386 5576 954 5838 6274 7797 5621 9873 5551 1405 884 7763 6530 5841 644 3873 2894 9430 562 1016 8213 5370 3616 8719 8875 2926 8286 6710 9451 7308 6365 1189 2884 3672 7027 5510 1469 9001 5383 7020 406 6267 1135 3289 8460 1779 7162 1354 7561 4076 8722 5775 9446 2339 846 4673 1617 9132 1384 
1069 6440 4101 2258 9324 7773 5638 4834 5594 4639 6569 8966 1397 2837 101 4686 7649 8233 8200 5356 2146 2276 4078 4273 8074 2769 5120 2748 4387 4252 484 5456 693 4585 4066 6369 8711 9704 7556 4305 695 4125 3272 8445 3314 9725 9483 964 4310 7684 6320 6457 6312 6750 730 739 9520 2202 3487 3907 6455 323 5715 7148 1260 9781 9869 9971 5838 7425 4277 2885 1551 3901 1330 4865 9978 7166 2181 641 4850 4853 7098 7514 1604 4180 8253 7476 6383 8092 1383 9190 4767 3450 6338 6028 3231 2559 5999 5421 
9985 6628 8307 7888 6881 5989 9105 6860 3155 1287 7501 4357 2492 951 1872 448 1483 6477 7924 4218 922 5659 3408 5689 9109 6098 1717 2341 8658 4069 4114 4995 697 2421 2883 7579 8411 1988 791 7918 9627 4644 2276 2120 1947 4148 2568 3430 6977 493 4001 7899 2504 7409 3589 1614 3508 1658 307 8518 5727 4421 3513 2777 3195 6396 356 7958 4736 7499 5876 716 8495 8152 2836 442 2300 1756 224 5630 8601 4225 3529 1106 7987 3470 2720 1495 5129 9379 13 7208 3800 9878 9985 3347 2626 6693 1305 3714 
4192 7182 4430 9039 5334 7266 5833 3987 5375 6058 9617 3976 6635 3146 1434 4622 2969 506 2469 8098 9885 8834 5306 38 5064 1644 3385 7690 8337 4691 1405 8882 1873 5835 7921 3559 9454 3755 7546 4829 6165 7163 5157 2800 6662 2944 3775 9631 3450 2596 4081 9688 7783 5739 9726 2847 7383 9463 538 5721 4154 8295 955 2379 4130 8876 5939 9936 2631 9837 1117 5148 7001 6275 4301 15 9219 8076 5998 9021 7024 79 8709 4807 2170 4787 7655 5906 4251 4545 1627 4757 2840 8934 7137 3322 7810 9428 3259 6794 
9265 728 1942 2618 3355 6243 2633 8926 671 4983 7948 7696 1414 6657 8855 3585 1445 2862 9491 2048 3759 7470 6805 2951 6404 3942 6274 566 9722 5885 7360 8988 6613 5655 7958 9969 1898 6944 5247 8922 1927 3195 2970 3342 6205 1825 3279 4002 1040 9122 6050 4799 6592 2855 7751 9348 3150 377 9914 2872 2614 3627 8212 5579 9282 6171 1900 7532 3115 7148 2806 1394 343 5776 1088 2900 3954 4367 6902 4994 9841 2952 6145 2785 2160 248 2133 5310 625 8400 4534 9591 8379 2747 5171 7661 5270 7071 1545 4737 
571 4352 6131 7267 6480 7220 167 434 7939 7070 1780 7781 6374 7926 6918 8534 8174 9052 3844 5152 3804 8379 4743 2183 7478 6266 6196 2748 9690 4093 7485 261 4797 9968 7528 1278 7188 4048 1712 1480 1118 3493 5613 7492 1419 2531 2379 5945 7935 2575 7449 1739 7306 8545 274 4784 4811 2822 7532 853 6916 1369 7467 1713 1338 1347 9343 4878 5395 1056 2710 6513 4549 8323 358 2320 7207 9089 4617 5142 1664 2067 3234 8971 6964 3508 3755 1775 2683 7640 8981 5951 5361 6448 4016 6699 7795 3360 7930 3191 
4416 640 6056 5317 8964 2766 3989 6171 1855 4958 7665 9872 7025 899 8843 341 760 8950 2117 3443 6590 7450 5746 1952 3898 9762 5003 8045 3122 2933 1236 3890 3574 3645 5559 8890 2763 9548 1413 971 4507 9078 843 7884 6330 6038 8226 7090 4988 6695 6885 1579 4145 2631 9883 4395 8745 4886 2440 8220 4172 29 2110 7746 3674 7670 2988 2789 7218 4401 112 8077 3479 955 2314 6161 6993 540 3251 1982 3587 6488 9913 7732 5471 6148 8479 4217 7386 919 2437 1558 948 4547 5656 974 8569 8644 116 2140 
9397 228 217 9229 1184 8883 5390 4529 9423 8642 2863 9362 1482 2776 3446 6954 5276 1925 1171 2663 2845 9960 4221 145 859 6230 1120 9429 4874 1236 1569 4272 1464 8138 3501 9000 7022 5243 3530 2797 3885 2745 2160 1720 1874 5606 8674 7150 3884 6197 9813 6729 6157 387 6874 7016 6617 4346 6445 1491 1934 8014 2115 9751 2505 1968 8751 9527 7212 8633 8676 7449 1379 836 9169 3253 2795 4195 6755 6679 392 6569 9760 6549 6956 2986 3566 9925 7333 6363 7768 5619 730 9884 5370 3235 8204 474 9114 1768 
9107 7790 5570 6838 4979 1091 6443 7774 5287 3199 805 2031 9768 565 8581 3076 3551 8499 3001 7236 4862 769 2856 5592 7005 4578 8827 5210 5052 7941 3330 512 2084 8900 7350 7063 6344 3794 4837 1631 6993 5642 3662 3113 2559 8595 6189 2462 7094 9190 9699 1957 6311 8907 7549 3317 9837 2729 4879 4890 7022 8209 5402 9106 3462 2752 2521 9806 2898 7358 7789 9891 9352 7803 3004 8263 2751 5545 726 9845 1087 425 8154 7399 5684 2056 7068 5521 1137 1947 411 8159 6508 2165 3618 6322 1270 6139 2480 4168 
9850 6621 412 5554 4425 9768 3818 3528 5314 4544 3373 2753 1321 7880 152 7005 9936 3572 8878 1073 1871 5642 5584 8380 7807 9202 1054 9077 1694 3535 9598 7896 156 10 3450 933 9778 7268 4461 1444 8164 4187 4198 9485 8419 4350 2842 8355 4275 1721 5780 6146 7363 1364 4526 5170 6919 1933 600 8613 5468 198 2861 1976 6560 6311 9262 6338 9932 75 7783 8096 614 1981 7582 9033 2683 424 7388 6958 2145 3168 9457 5860 885 3983 1031 4156 2268 7983 9121 7736 4533 1982 6065 1093 8293 5327 7431 8225 
5402 1566 6322 6017 9899 256 1402 2583 680 8791 5893 9178 8311 5350 1390 5548 5686 8773 9704 7954 6756 8825 2043 1289 807 4460 2382 9101 6139 6166 3678 7893 7732  0 262 3984 6608 1665 2919 3641 456 8812 2819 5119 515 4209 668 2553 2983 372 6859 6091 9198 5254 3733 6357 9714 6115 5458 5853 8633 9137 3747 2718 5489 4009 6702 2098 5674 9621 5739 2482 4785 4910 7602 1652 5471 4622 4205 4806 4994 7417 7250 544 2671 983 6902 8738 7098 8712 943 2084 4201 1042 4802 9691 1404 1504 8141 3430 
7477 232 5913 2262 1494 9867 3915 3317 4489 4472 8124 5835 8241 5374 6380 913 6357 3282 6003 9807 8346 3298 8243 2548 4341 3045 8591 5745 901 3084 9175 8378 3316 1440 641 1162 1307 908 4479 5796 1732 8955 1632 9974 4329 4364 7239 7038 3998 3242 3198 2344 2892 1441 4892 7233 839 3483 9330 1740 6567 8506 6471 6235 9946 3464 7397 7606 4372 8229 9754 2456 7184 1386 2430 7866 2102 9669 4904 6100 9263 4454 8445 8508 2248 9689 5741 3087 9525 5072 1179 2444 9930 7650 5032 6228 7466 2429 3834 1838 
7010 3589 647 4195 1327 3077 2061 3430 9099 3317 9530 4714 7772 4327 3222 20 369 5316 9459 9894 388 6990 8690 6670 993 3722 2898 8459 6152 6733 6650 3162 322 7297 3709 1649 6726 5770 1431 2177 9088 7314 3244 6860 7993 2818 3232 8362 8134 9043 8256 4874 2385 6947 1544 3378 7021 4443 1838 3173 1176 4840 2688 7850 2137 2749 9499 5215 8520 7283 7393 7608 4597 637 820 2590 3455 404 953 7942 5799 5561 2816 8184 8860 4361 1563 5882 8804 9753 5407 6332 4593 4447 4182 3082 7197 33 8297 2069 
7316 2042 9677 1913 9031 6849 856 2487 7253 8161 6781 9404 3722 9597 7588 8935 3958 5503 1169 9114 5256 6576 5446 6201 7376 5980 9283 925 6014 3933 2994 9682 5975 2671 7948 1359 5872 8804 198 9477 6965 6979 8881 7039 6576 6469 2326 6887 8325 3495 2353 3581 6424 4152 6135 152 132 1770 1077 2498 5703 4071 2181 8031 3094 129 9390 8966 5285 9588 8443 2250 6567 3676 5641 9495 6497 7968 2734 4822 7815 5088 8404 591 9240 891 743 5724 2661 1820 8223 8365 5891 6756 2748 5337 6885 2138 4303 2170 
8078 9098 772 997 2774 2765 492 9272 7085 9579 4094 4901 4667 8850 1844 259 9741 2588 2335 8755 760 558 3472 6652 3666 6220 8341 551 4710 2645 9073 9140 1743 6197 137 870 8963 6981 6494 6048 6560 588 7301 1227 5791 5498 7838 1884 8086 174 639 8846 7084 4111 1850 751 6683 192 7654 1393 9189 3080 533 7284 9277 7022 8154 4592 4004 4648 6993 564 1589 4294 8144 7380 9792 2334 5616 4230 2508 2608 9429 9593 6719 1279 6696 9755 7823 4350 1148 7012 3782 8034 649 3060 5056 8803 7652 9060 
9804 4645 5977 1393 5292 473 5125 1436 2807 7093 2019 5316 9701 1448 1261 2773 9079 4309 2528 6903 5011 28 267 8794 8062 916 1854 3119 6072 5858 8531 5876 6856 860 3621 2148 1333 5098 9936 493 2191 1955 2161 8245 3403 9774 1018 2483 4083 3546 5738 9094 3574 2357 4240 7989 9626 6094 7460 2050 8305 5991 4278 5161 3204 4251 3661 889 9349 3597 1382 7892 5553 9895 6137 5308 9669 7155 4143 104 7053 6233 9199 628 8591 3439 8617 4569 5886 2429 2971 543 4772 7249 5704 7976 1500 9365 5218 7201 
2962 2952 5093 4867 2848 1231 176 2517 4738 4319 8974 1792 553 8173 8772 5496 7964 3741 6417 202 6170 9388 745 942 6637 2801 5271 4489 2166 489 1690 1481 3441 3135 6348 6289 718 2876 5159 5457 7196 4133 7249 4101 8658 2373 5949 2974 6114 2366 9529 2284 1754 6626 9578 4743 9428 4849 9232 7946 5338 7274 9427 5132 409 2128 1421 1128 5004 2932 2937 8552 3417 6538 9005 8427 8911 4954 7754 5025 7320 7283 3661 5426 261 9591 169 9689 4441 5753 7636 6131 9379 3415 1263 9789 1895 9037 7269 3252 
8321 6558 1804 1739 3096 7162 6518 2007 2116 4272 3384 5789 7907 3397 1215 8169 2988 7737 7858 3781 3490 1846 9913 2870 1614 1176 9011 9861 6565 2632 3113 4887 9190 1270 2978 8638 8432 9496 645 548 121 381 6337 8028 3778 3905 2549 3118 1642 6760 6900 1484 8606 3165 706 6572 693 6069 6434 7259 5053 9547 8498 595 7169 1476 9233 5601 7324 6230 6150 7445 6611 8839 1826 6741 2744 4375 6212 738 1135 3112 8575 6094 2629 9281 2666 3322 1703 5452 6933 6756 1352 5431 7352 8521 6907 6585 4123 4232 
2816 6625 1677 5779 5464 3503 2521 4561 7879 8733 5299 9014 8197 3874 1460 826 9508 4127 500 1211 5931 7434 7967 7283 2865 5319 2157 6125 8257 6280 357 7425 2905 8386 3204 4721 8242 5725 9282 2473 810 4582 7839 5359 4808 9300 2537 4316 3427 3038 5527 9358 6824 9847 2994 9689 1518 5151 5814 9775 7783 2523 7200 688 910 405 5409 9152 2482 1044 1625 9645 5626 9464 1356 6786 5116 3894 1103 8543 3284 2982 4254 108 9181 3600 6149 700 8751 8316 6827 6534 839 4028 3574 8101 785 5335 3605 9619 
6379 1582 5616 8357 7399 6973 5144 2515 7219 2599 1059 503 1933 1665 6963 1115 5265 3112 8167 368 7780 4994 3254 4972 5374 6828 3073 6159 8515 6679 2131 4895 8261 4099 9604 5660 1072 1100 8176 4643 3699 5587 5146 1985 3604 8461 9452 5221 7926 7619 5589 5706 2613 8843 678 7988 2023 104 499 538 6783 2630 1785 1396 3082 7742 3409 4154 8842 7937 5150 8894 9876 6648 879 3480 5110 331 8701 3036 7950 642 5094 6915 9485 2125 4903 7860 2229 1755 4750 5364 737 2888 3112 3819 630 6521 4326 5824 
810 9476 4718 7038 6124 1949 6870 1234 8632 1923 622 2934 2565 2069 9850 8402 4194 1105 6262 6423 2860 7365 1787 3598 253 1251 7417 883 4125 1743 6707 4935 7571 7778 8326 3696 6079 5196 1282 4712 7120 8257 3998 9685 326 3848 4440 4520 1306 702 7295 4166 8067 5434 4116 4672 6685 7886 5555 810 5981 8615 2098 3553 2745 424 7249 8824 5620 4883 9888 9092 3140 3887 5130 3466 4087 9570 4338 5393 272 1633 5912 4692 7067 6380 9364 3753 4266 1272 915 248 6239 3013 153 5336 3437 7402 512 5410 
8637 401 854 8130 640 5984 1596 4727 5554 2287 6473 2179 3920 8737 3223 7340 5117 2587 1093 5736 211 2008 5984 2802 1374 6137 8138 1163 9891 5003 6573 4880 5404 7428 3010 2396 3412 959 7123 5319 3246 9948 7498 3518 8685 721 858 3803 9660 8303 9539 6224 312 1875 9026 8038 4364 3517 9201 607 8520 5775 5487 276 9555 8498 2672 9319 9457 6147 4638 9055 6096 8488 2573 4781 9209 9784 4936 5222 8087 827 1446 4751 2702 6824 2789 3418 341 1991 4025 5213 4118 9513 5489 25 4363 4513 9344 172 
661 335 9227 6757 5175 8152 7890 4385 7936 9179 5959 6024  6 7405 7127 9061 4229 9917 2479 923 1908 2857 6136 2378 8722 7978 2403 9437 2491 1747 9609 9504 8434 5188 2613 3610 9692 6856 4347 3981 6035 306 6357 2393 4063 3484 1454 8292 3401 286 5567 1661 9495 1704 4039 8217 6034 6442 7654 4877 4542 3615 4382 2976 5155 3347 2938 4847 203 7285 8828 6238 3943 5185 8632 8006 8670 6438 2651 8423 6724 8218 85 2571 6274 4124 788 8660 567 4794 3538 1461 4761 4272 789 9916 7619 3728 1116 7823 
7365 9944 413 1309 1482 5397 5667 6504 1836 8318 4927 4912 2889 1364 7484 5515 5489 4624 4176 2408 5771 4066 221 532 8338 1010 449 5957 4738 1565 132 2104 7861 546 9765 5695 5943 5432 2199 4131 103 3479 9044 9344 4843 2880 4859 6684 3856 5387 5444 9627 9453 5665 160 7791 6676 6961 101 1414 4878 233 9870 2739 7131 5987 8435 9427 1420 6986 3558 7875 465 8954 7219 1661 8186 8430 8345 2043 3818 3790 1670 3271 5807 8182 7415 2483 5143 7516 250 21 7749 6472 9113 4881 2460 3900 4308 232 
886 4218 8107 7704 3173 1678 5717 1359 6460 414 9754 278 556 1425 9902 6364 9607 7317 8847 1103 4833 5449 1124 8934 1922 6589 3815 4382 489 4475 4614 7728 8694 9073 1784 8219 7103 7501 5930 3563 4267 5685 3842 4824 3462 96 1188 3069 7413 6387 524 8598 1837 1649 7532 111 8238 7700 4493 5080 2175 5459 2808 7221 884 4592 1792 7987 8445 4075 1550 2712 9760 1744 3888 9574 1840 5076 8995 5605 7816 9520 4203 6005 1169 8088 6116 5759 5788 6961 839 4315 2420 9999 7889 9656 943 6033 7643 9388 
108 5545 8453 9868 3642 2341 5794 1834 3770 4790 7440 1586 4310 7995 7591 1831 2435 59 7590 8223 7020 4782 8891 5792 4781 6780 5448 5725 2813 9443 1465 9274 4988 9918 5494 4982 8612 1289 6817 8734 6079 4257 320 389 8604 4263 2220 1040 4322 6162 5615 1342 944 4506 7134 5726 7638 8934 7803 6804 8377 9268 6078 9717 5539 1572 4700 4151 2861 1517 9237 5292 2126 9557 5681 7082 172 4253 8122 4494 416 3738 2188 7712 4596 5674 3438 8587 960 1241 5391 9337 510 7821 5406 2401 5745 6458 2904 8607 
4327 2141 3899 2805 8050 5933 9888 8222 6538 8010 9068 6954 8100 7608 4667 9049 9634 4457 7636 594 2051 3027 6283 8913 7200 1689 1314 2945 4500 4218 7904 8827 6359 1804 7985 761 4089 7873 8983 627 2235 4403 3934 6688 8363 4953 5737 7997 9410 3373 8591 1461 2752 4874 6726 9952 2915 8040 9249 3767 2258 7154 8947 4969 5310 6932 5730 9399 4805 1065 6378 7040 1820 312 3728 183 1617 5817 4532 1028 5542 3123 8841 8294 4349 5568 4598 3617 3608 3848 7384 2219 7354 6331 3540 2664 3263 5623 8415 4420 
3040 1145 1461 1213 1458 1541 7748 9427 3711 2281 455 9253 5404 5649 7548 6106 1217 8498 9723 1177 8698 3459 9748 6052 9791 9641 5068 9406 1616 3483 3827 4656 4629 1640 5869 2439 9533 3618 1866 3244 5899 8674 8850 7655 675 2750 3761 1892 1248 9836 9421 6299 3296 5522 2351 9439 5163 3772 8845 6779 3607 2672 7787 4588 664  9 3379 198 9979 1598 9794 2230 272 8644 9885 947 1394 9999 9191 8995 9835 4964 5294 9483 486 3997 8922 2001 7769 7768 5132 1377 6792 2920 5965 7457 9281 9345 4007 9260 
943 3801 1490 7567 8798 7727 4866 192 4078 409 9187 3914 5373 833 9749 2212 4831 8672 565 2600 2792 5698 329 9584 4970 2647 3393 4251 8344 3752 9863 5639 3906 7705 3206 2704 5432 4424 2896 9511 4833 8436 9777 206 9269 9526 8770 452 4550 9336 3053 7342 1386 9734 3279 6356 2381 3024 6959 725 6777 3174 2716 683 879 5922 3387 6311 346 2635 2174 1531 7423 1951 1738 3045 7830 6860 3497 8732 6196 2902 2427 7582 2637 5706 290 1370 5082 3601 8448 8211 6775 1164 8894 7654 3439 8633 318 137 
7621 2492 1669 1396 796 9759 793 4978 6619 4291 3710 2816 3545 6137 6750 2534 8195 7041 3905 9630 642 8705 7841 7418 6221 3088 1424 6012 8073 1742 6150 2046 587 7819 3443 1383 3930 4236 2713 549 4879 6423 9717 8425 8913 6468 959 7108 3509 1216 6738 503 6273 932 7921 8847 4020 5698 4859 2093 7440 1009 4140 4379 5180 3935 2114 9110 8171 4827 6012 9403 7603 5729 7828 6516 2197 5139 9976 2058 2708 3067 2562 8981 3999 6835 7828 8019 2533 2688 6464 6326 49 604 705 1582 4539 2820 692 9063 
7647 6704 8466 5250 2434 2646 8118 983 7785 8095 3042 6845 1162 1956 5827 5161 8791  7 9532 1325 9047 5996 4003 5449 2953 4708 7031 3844 7528 4075 2907 1528 780 7725 3130 9566 371 1249 6901 4509 5696 9943 1354 6858 8251 7181 8371 7043 3541 7903 4720 8940 251 8723 4389 3204 9783 7772 7049 3664 1848 6308 5192 8980 4034 4674 4898 757 5923 1799 5266 7971 8095 6621 4829 6346 154 3200 3389 3695 7455 4461 8988 4059 3184 9729 7263 2968 7502 664 6632 9350 3325 8176 8330 3711 2850 9580 4468 5126 
1379 9735 3097 9474 6356 4279 2173 2862 3831 1914 2910 7639 6376 1898 1698 9560 1627 5313 8880 5481 5978 1864 1183 5655 6392 5865 9366 5595 5445 3834 721 6825 9921 170 2651 2629 801 4824 5492 4633 6739 8402 2272 3115 300 3970 9027 8279 9283 4260 3761 1613 6124 4944 3620 8869 810 2986 4464 6255 3173 1537 9432 3094 1707 2084 2076 8861 6908 7568 3494 9999 5970 2118 3114 6270 2440 8494 901 8075 2754 1014 9689 5230 5959 9661 4099 3121 2648 8563 5728 2173 100 5161 1619 8160 3597 3695 7021 6857 
1263 6867 6857 7233 8985 6323 9855 1425 4817 7109 9500 3923 8123 5541 9154 434 5203 9605 9907 4203 4521 5636 2728 973 7149 4347 9133 746 8043 2506 7603 5658 5725 812 9244 4710 7136 5451 2487 8305 2560 1988 2229 684 3881 7735 1118 9084 7340 7378 9639 8213 3014 2367 9187 6515 3067 4672 7261 7462 3531 1216 3120 9256 8381 2364 3967 5517 7816 6454 3822 6728 4794 6051 7412 5028 138 4883 464 7479 2261 104 2044 1627 8823 1231 8142 1890 5904 1755 9352 5787 9323 2473 5043 7704 1189 9010 9573 5357 
1817 9748 2086 2963 2151 5850 7991 2290 7085 8456 6121 5698 4912 8165 7325 3735 9397 1819 5626 1653 9926 1330 7440 9250 3803 2483 3306 1345 7846 9232 6702 6015 8980 5140 5330 1131 7343 3322 3421 4428 8130 9542 127 3042 4060 3804 6777 3457 1976 8755 1462 1902 86 5254 7504 241 4089 7163 1586 8287 6395 4641 4302 5375 6133 9633 6506 3476 9307 6280 7905 7437 2174 4384 479 6234 8188 3608 6043 164 2364 7505 8419 8802 9111 5923 9043 3201 9438 6982 7840 5833 1623 8495 1208 7756 4480 4067 1233 3787 
347 5490 7576 2521 9874 4407 8756 8062 8015 4799 4579 6731 8657 9350 5533 4120 1625 929 3673 1064 7911 1514 6897 9534  9 4458 3642 4489 8525 1227 4628 5224 6717 2204 4097 6591 6611 9205 1006 978 357 1937 7710 9014 1287 9595 9486 2912 524 3160 3976 4787 4674 7226 673 4683 1684 4316 5524 6561 5543 152 8137 8613 2356 2234 5204 8967 1440 6210 6297 1797 4499 359 7163 5786 9955 6649 5051 6831 6161 5379 1619 835 2605 2292 5518 641 2960 1042 3554 4856 7546 1691 3469 9902 278 8673 5221 8070 
1236 1519 6219 2087 1878 3382 7874 8185 6383 9277 1369 2545 4656 2988 9732 3614 1632 1603 607 4593 8997 4162 5801 6544 2205 9270 6446 2483 4295 8020 553 5531 9539 6772 7619 7769 6506 1845 2307 9242 1122 3676 8139 2130 3016 7871 5744 4648 9474 6352 5593 8472 6866 1394 5016 9071 664 7814 1555 1312 5834 8460 6843 1725 5233 814 9495 8091 9011 8154 7333 6485 1830 5472 8616 4846 3344 712 9494 9170 3416 1440 7642 282 9186 2658 9354 6203 6825 7261 7515 2659 2073 710 4385 7306 1525 232 5398 6888 
8386 9083 3374 216 4556 8342 5062 4252 9054 908 3422 2471 8700 1065 9105 7887 75 4811 4090 3252 8424 1605 5912 498 2315 297 4156 192 6881 9554 3433 5267 8638 6807 5483 9546 1501 6897 3798 6907 4157 3572 9378 9210 989 4836 7097 7417 9647 7539 669 8072 9144 6581 4922 7811 3230 9078 4356 111 4985 7789 1730 9975 948 3565 9521 2449 462 9671 9356 972 9595 5087 182 585 9923 3631 8002 5922 1170 5023 346 6666 1605 5268 829 1187 4347 5185 7651 9332 2974 9381 9307 274 2947 5180 2723 9761 
1203 2080 7085 798 3519 3619 1383 3442 7250 5737 5716 4772 761 6063 7790 8718 7683 4972 6257 2030 157 3908 7714 9484 9642 3373 9758 2589 4905 8834 8702 6108 914 5788 3259 785 9407 4642 4227 3010 6732 6295 4134 3845 2358 8277 8915 42 3249 5172 8424 9758 5433 2491 9242 5075 2216 5353 4016 7122 4187 2718 9582 1453 8506 2841 2238 4266 3836 2817 3628 6920 9112 4114 765 1471 2391 9680 7865 5640 1204 2641 1751 6637 1484 993 1712 3701 2698 2080 7175 6885 4799 6757 8338 9657 5951 6928 275 6139 
9745 3903 3059 8858 4370 176 6681 6761 9856 898 8754 7412 3539 505 4050 1376 7850 2114 5077 549 4195 2252 3786 5346 5361 2125 5003 7664 5405 5279 3803 5151 5534 6862 361 9904 7038 3394 3018 3246 4292 8124 659 4183 4981 1061 5559 2831 9527 636 9732 74 9240 3519 5420 954 5644 6776 8618 7401 8407 2422 2552 3941 5636 2913 198 2675 2659 9568 2273 6951 7692 9284 7487 2673 6697 3046 1856 6225 35 1589 6299 5627 5108 1720 6581 7104 8496 5200 4505 6903 7622 3410 7196 3258 2675 3746 2285 5335 
9666 911 2286 7358 6547 6125 6383 3245 5524 8240 9470 5559 6181 2121 7538 1289 193 4120 4745 5041 5672 9250 8296 9646 9012 5493 9256 1688 5591 7894 7023 5258 8805 5661 8968 1704 1787 5352 4949 7311 9944 771 9222 2477 2893 6760 118 9438 7232 4863 4480 2904 465 2776 8902 9478 4621 8159 1166 213 6053 4541 1823 1210 202 791 2914 1989 2495 4216 5652 8791 4987 4874 1268 4232 1635 7738 23 5219 2601 4503 4476 9419 3631 3378 8897 8253 7889 6415 4818 294 956 2993 1504 1158 3784 771 9500 2632 
4987 5152 7775 6326 27 5396 6911 8014 3134 6934 9585 2088 7789 4061 1507 1420 3792 404 9673 1681 3171 843 1976 4127 3836 9832 1637 3973 603 1137 2957 1942 2642 732 4621 9021 6128 7884 7035 5615 4818 2972 7703 2607 7034 9210 379 826 5966 6405 8859 5489 7248 835 9616 7437 668 7605 1410 7623 5095 719 5918 7737 1451 539 6758 3932 8423 145 5899 9593 3117 3602 8552 6503 9164 8931 3681 1482 5336 2541 6971 8937 9728 2939 6374 396 544 4136 4372 5639 4855 290 9728 2658 7181 6486 2942 5604 
2983 8841 1549 2453 2443 101 8956 7959 9032 8990 9441 721 1531 2764 9658 7611 5703 2384 8008 2600 2872 8732 4591 4079 5374 4320 6737 2555 7158 6032 4511 142 4873 6060 8947 3669 6161 4255 1628 5193 3245 7422 2266 1128 186 1924 8740 2242 660 3100 4842 3532 8184 9433 7611 3558 105 701 6113 7264 6733 624 3758 1606 6684 9057 1627 2845 3312 3256 4390 2910 7030 6657 4038 3568 4933 9130 2162 5594 2230 3356 9126 414 9142 3090 3972 9247 3791 6437 2863 524 7061 6621 2130 97 5678 110 2942 5343 
3366 3685 8253 6748 6694 2291 6668 1627 7774 8831 7221  4 2187 2700 6771 1329 5790 7095 6929 9581 3533 9792 6457 6946 2766 4939 7044 8444 5049 6338 139 4767 23 8392 1515 6717 7036 8184 4697 4810 3367 8270 1166 1906 970 4289 3236 3112 1385 6517 9045 1270 6309 5502 4568 9075 442 1612 3872 5491 7951 4011 259 4326 8756 1774 1044 5792 6310 2093 6954 9677 363 8120 1584 1334 8762 1172 798 6499 7689 9844 7769 350 5346 2337 5778 5788 302 9650 1280 8253 13 1539 2579 8769 9665 9975 913 2328 
2068 7867 8357 2432 2340 6293 118 1102 3817 916 7601 7858 7112 5370 8209 2459 4059 3987 4599 4361 9989 5879 8966 6354 3770 7898 5124 9788 7873 6037 2116 6294 257 473 5078 2597 3119 5196 3699 6936 2464 1300 4795 9577 3022 3004 8388 3433 3343 2987 7795 9684 5219 3113 6038 5341 1011 1162 5129 5237 3552 3597 1531 3809 4071 2961 6406 3542 8157 6457 478 6973 7757 5273 2902 7131 4629 7642 564 7972 630 4711 4008 2201 7825 47 7542 5188 1209 2672 425 1113 6269 8308 1274 6692 1269 4032 234 5778 
489 7065 2752 4598 2338 2006 1729 3320 9649 8646 7644 6631 3357 1653 8832 7534 1700 6374 2723 9261 5398 3148 375 1668 1457 8001 4712 2726 2034 1299 4857 2523 8364 7609 7122 7054 5967 5203 374 1968 3849 8019 8599 3559 9672 7431 1093 1372 158 3816 633 5556 3317 7360 3576 4774 5362 8289 3852 7396 9588 8709 6271 7952 2670 9745 5006 4990 4949 1733 6958 5150 9752 5558 8709 9424 9341 9803 7148 5851 9971 4133 1408 3288 1494 1336 4414 3208 9625 8267 6956 5565 3328 3227 9869 2351 2973 1228 7341 4274 
2961 4299 9424 2713 6209 4486 8489 5551 4289 5637 7754 612 9770 9162 3901 7616 499 8315 824 6476 2934 4132 2042 2615 3712 8263 4966 6685 9491 2307 7311 2452 6606 3087 1517 9168 7573  6 4719 8214 1995 2473 8827 8118 7988 2728 5734 4839 7395 2911 7667 6682 3395 6061 9297 7107 4325 4263 144 168 6570 7455 2621 9528 543 490 8696 4468 6849 9767 2683 8844 8593 7862 6962 2933 6942 9049 4124 4337 8312 1791 7371 1707 7853 6668 8815 8530 931 8959 8698 3853 2767 1319 9734 9662 8162 4782 4130 5011 
4550 3165 3855 9495 7379 7170 2428 4321 6219 6552 5011 883 4695 2382 2590 2548 9051 7757 1078 6334 6717 9777 188 9484 7448 9922 9146 5610 4704 9628 621 5606 9146 829 1453 6525 7999 233 847 570 6785 2210 1453 7833 4592 395 381 9995 8153 7812 6330 1222 7589 2870 706 1389 9144 6204 7000 200 2184 3973 2159 1330 4802 3612 7856 2801 3846 8703 9723 6983 7265 1176 4816 1857 7924 5198 8205 6077 9362 887 7299 3303 3757 4357 4692 2901 6913 8044 9453 9097 2018 1612 428 3172 5225 8284 2326 9071 
3339 2049 2406 604 9578 7223 8813 7502 8773 7018 9931 8135 7905 7230 1438 8014 7939 6130 7267 4852 527 6721 3949 2545 8333 4377 2069 9910 2661 4395 5333 2352 6445 7740 2956 2375 4963 1770 9877 3736 5140 9808 8223 9398 3390 9661 7412 1329 2143 4680 2533 2670 1401 6482 1567 6086 7212 3637 2349 6225 8032 7682 8578 829 5422 7886 3204 6737 6008 9433 6825 1149 9241 5048 547 8983 4709 4311 6664 3205 8991 9197 2227 6744 2032 3795 9183 9244 3784 1532 1821 1816 9214 399 8998 989 8286 2202 7726 646 
1636 4552 1795 7229 9600 8694 6213 662 3006 9229 3867 8349 8427 6094 5094 6811 6241 629 2407 25 2161 4228 8194 7727 980 7192 8716 9266 9394 6443 9912 7382 995 8060 4612 6947 6754 7177 7609 6112 6406 7828 4462 1185 275 5908 7996 6516 6537 403 2894 8698 984 1088 6425 1964 8280 5142 7582 4026 7937 7494 1409 5284 1906 2373 2231 5013 9550 6193 1125 5956 373 1939 3494 7000 7847 1490 3517 4384 8246 2763 9434 9230 3851 2212 1194 8483 3706 8776 2509 1643 2622 270 3279 881 2643 5510 5894 2193 
8055 3371 4502 4781 5311 7996 1781 3158 5838 1650 3895 4084 4413 3329 9666 4616 1893 860 3099 5599 5988 1961 7242 8611 2231 521 9492 1227 2384 1738 9772 6791 5109 4274 1572 6772 8622 9706 9931 4461 1356 178 8545 2122 9859 8212 6738 1753 5424 6190 7352 1413 8151 947 6376 6734 1468 2220 4313 204 3958 4086 3348 9067 8360 1272 5840 3335 978 2123 7796 2335 8653 2693 4457 8512 7257 7547 265 2682 3737 7618 447 8240 4917 6823 4975 6385 9043 9288 2942 9353 9726 6290 8420 4439 7562 612 7774 4893 
9087 5570 7228 7740 8263 8037 2605 1873 5584 2870 4555 5674 6840 1354 3914 1757 8177 5241 4495 3572 882 3789 2925 608 6431 7697 5047 345 4662 2821 5238 3749 4743 2466 7842 9359 6855 447 1232 2440 9669 2139 8114 2862 3493 8380 971 8022 3622 5466 1594 4504 5607 871 5112 2038 8568 160 2384 3230 9333 7622 3332 4077 6441 7526 9788 3296 4325 1020 2088 346 3159 6554 3208 3004 4935 4180 1026 8557 5998 8972 3061 1606 9843 4525 3644 4763 1037 2380 7994 371  3 7678 800 6444 1556 588 6092 5881 
7960 8181 6227 1119 4735 5788 475 9670 9968 1501 4579 5966 6825 7640 7572 6668 8518 7569 1431 9555 9949 5777 9926 6304 9807 7078 9100 1363 7666 5193 3596 1978 9726 6176 3097 4461 1964 9924 484 1932 7777 5063 4250 4602 9056 8175 1270 7574 5744 9054 3481 2045 1183 9760 8350 991 6838 7450 8706 857 2643 2303 2835 2369 8479 2285 3183 443 2209 19 8727 9987 1434 9329 941 6842 7504 8564 4416 3248 7618 7898 1646 8801 4010 9996 6144 848 7446 4851 1705 6442 7154 893 5163 1985 3178 8346 8780 1739 
8365 3859 8078 6152 3188 9020 2994 693 3936 3763 293 1554 8013 1939 6707 2023 8287 9204 2871 5734 4055 929 8528 7561 1822 3691 9546 1352 8390 4678 9443 3107 8537 7522 9259 8077 2894 2254 8770 3182 6017 5416 1088 4030 3707 7795 6053 1995 3351 8924 4081 7406 6205 8961 1319 4379 2652 7217 5731 1042 1895 1527 4150 6784 5401 3409 4862 4647 2015 9984 7829 8032 5400 8917 8414 5460 3064 4467 3807 6416 9744 4240 174 5949 3201 1494 6681 5853 8711 2412 3248 607 291 3750 7391 5692 7159 8605 339 5527 
8590 8168 3559 342 3437 1974 5802 6502 2793 5961 2918 8889 201 9444 4839 3402 938 7872 5608 9650 284 8856 6609 6928 2606 352 2620 6117 8958 9312 1644 3900 7480 1556 4242 7270 9882 6397 3772 9027 2358 3042 7917 8912 2486 9108 2314 9777 6980 4274 5779 3616 9482 2388 544 8440 9092 3165 4558 4402 8829 2554 8302 2661 462 8897 9931 6696 1646 3703 5724 356 3097 3641 9268 1936 9101 7935 1713 6081 2209 7492 9697 1692 6232 6594 132 5324 9759 1042 6079 4940 9949 4381 7601 6763 9630 7533 3460 1276 
7588 9184 1633 686 9177 7253 2622 4630 5188 4335 711 3750 8179 6760 1794 4411 3354 8278 6087 9465 9321 2166 4405 5622 2900 2007 2385 2530 9540 5845 159 7128 1381 8144 7814 6910 5397 6788 1540 6938 7475 2251 7040 5654 5364 8834 6417 8718 7112 2505 8184 6433 1023 2589 2055 3923 4596 793 2806 488 6638 2965 7617 4372 1109 1783 1282 2858 4924 2823 6148 2399 1426 3188 4406 6790 2022 7175 5509 9135 6032 45 1920 7056 8986 328 979 3583 1121 3785 423 4111 3102 4392 8483 4211 6176 9766 3422 1100 
8941 9570 9851 6719 9111 609 3510 1133 7785 5371 6620 3817 5416 8541 873 4402 5221 8205 4337 2694 8342 1113 6805 1445 5505 1641 2008 8033 1407 5430 5485 6700 1353 5337 3419 464 5946 3281 7949 83 5004 4570 3901 6772 9463 4774 7527 1036 9331 8216 3730 7674 9329 6887 9119 4835 8528 1127 2868 6287 2910 8354 2987 615 43 2759 7431 2341 2392 5380 2425 7397 6302 6326 4169 2117 7452 8048 3153 3136 6265 3235 810 5594 123 6281 6781 8651 7408 6002 4939 6670 708 4278 7285 7103 7037 1068 9444 5782 
2801 8221 3179 5455 899 3700 7573 4704 1749 7078 7840 4366 314 8650 6312 6789 4931 9446 5440 8691 5448 6731 1714 2508 1010 8999 9611 4399 6420 5407 181 9221 3629 9712 4676 4528 9765 8601 9232 1514 2032 3424 2232 8698 2074 8544 5487 3357 7990 7279 8401 9790 4011 115 2298 1373 5466 1909 5772 1886 7317 2306 7459 7298 2018 2136 8178 1783 7089 7411 9649 9121 7187 8233 7819 9262 6778 3306 8971 1120 586 7372 911 949 7487 9561 2322 9306 7823 4446 1192 1492 3104 8652 8790 5123 7140 6968 3258 4229 
731 9260 9703 7919 7493 7522 3533 623 7181 8856 8096 4119 6229 5359 1420 68 4920 94 9374 2743 4540 6919 4235 7645 1923 9377 9120 9063 6346 8730 9644 3429 4342 9347 1348 8188 3222 1233 8811 6755 90 3259 874 6319 8618 2294 2739 9891 2388 8466 2634 3280 5385 3222 7277 7308 2599 2749 2723 5297 7832 8719 8727 2174 4419 6427 362 7641 7661 5526 4396 7751 5137 1622 422 3756 268 9513 3647 9008 7979 2633 8640 9716 5855 5918 3376 4807 5019 6099 104 2851 4819 8831 5026 9238 1611 1740 3231 9272 
3618 3979 3375 8756 1953 3797 8864 2221 9662 2511 7581 7642 5144 6221 3710 7352 8491 7087 2159 3511 9538 8615 6362 709 3799 7740 9947 5410 9481 9530 4682 9451 9861 8057 8207 1814 8206 7071 387 7868 5934 4320 1862 7431 542 5573 1135 9033 2660 9646 8896 2198 8261 5259 2908 2060 9351 9207 3822 5184 5090 4856 4636 4951 2913 9195 3118 7471 2619 9857 1692 8553 4178 3554 2336 4720 9127 3471 105 8139 3117 9002 6690 7731 613 5950 6143 9964 5157 9966 5149 6599 4822 6137 7903 4088 5332 1021 7911 7951 
878 9603 2857 5056 3158 5193 6128 8637 8665 2586 3129 8134 7940 9819 5865 4905 5769 2009 4869 7278 1975 6370 3878 3149 8859 1781 7237 4192 2802 5149 8495 32 1104 1352 1441 4262 2898 3921 9252 7915 6507 2381 6049 799 2200 8267 5704 7969 276 6926 5247 8603 9648 9125 8104 8508 7258 1694 2700 60 6843 7547 6445 7947 8900 7886 8562 8150 8159 7814 6065 1019 195 8466 1818 8747 6733 7523 3068 3361 801 8315 8316 449 3793 6421 8957 1051 8115 8009 7464 1310 5557 261 5609 809 4499 4171 8959 2658 
8337 1376 3677 4884 9842 5496 3631 6576 9371 6699 6289 6524 1367 4606 6973 1512 1027 2283 8915 5494 6644 2731 6804 8553 2992 8765 9362 7491 2937 4673 150 7626 6049 179 2511 2244 2027 2494 5172 1398 5546 1461 7922 3265 6067 1248 1129 3446 9883 44 5292 6527 2776 8448 5081 2120 7214 795 5964 6503 1821 6114 4129 7870 2645 2992 6466 4673 1839 1638 6071 3737 3100 346 3354 5519 7946 4483 5318 7829 4527 610 708 3655 9059 2141 2128 2625 2937 8092 9128 4758 558 9609 8980 3203 2602 5447 7876 793 
7085 300 4530 6537 6998 7884 2057 1296 8719 7375 5477 3246 4337 6185 3254 9748 4679 1734 2373 3968 9826 7853 8726 384 7463 4058 3587 6417 5857 7816 7210 9295 4468 8092 5832 1466 5976 7889 2762 1047 1616 4591 645 2306 776 3899 2054 1807 5633 780 5775 1811 8633 4501 2195 6096 4912 2135 2513 769 6303 9723 64 771 7815 2249 8589 143 6490 7703 7542 8107 2294 8188 6765 9422 2087 8819 1230 4073 9599 7005 2236 8233 7859 784 681 9123 2919 3195 9892 5574 9270 6309 6345 3438 8558 1286 9933 5048 
8989 7476 9507 7635 5664 6272 7057 4103 1444 4639 4528 7395 1645 6765 1980 5856 7549 2662 4979 6820 2209 1223 2394 1479 7532 5091 1269 2442 6377 1203 3843 1718 5031 9702 9353 695 2327 2762 1150 3771 7402 5679 1166 5399 8796 9499 1255 6345 2161 6234 9517 4370 3809 1911 2201 7694 3354 3471 6488 6083 1026 331 4153 6057 6386 9858 3104 8713 2620 4254 2484 6374 9933  2 1773 5081 9501 9380 1426 8014 1966 7295 8736 5776 5558 938 3470 8912 761 9958 1347 1787 6642 5500 4196 3028 5358 7300 1741 4331 
1554 577 705 7840 6931 8831 2921 2785 8211 700 799 178 7995 9536 2306 3554 6826 5776 8818 3939 2086 166 5726 8728 5666 6274 8108 7377 3574 6201 1708 1480 6778 2413 5672 62 7596 8594 2847 5808 5646 3646 2338 9993 9534 4644 9899 6360 420 5070 299 8858 5236 2377 3939 7254 8651 2047 4631 8577 4601 6339 58 1379 5105 5730 1441 2701 676 4288 4861 2674 4287 7199 2668 3821 1843 8919 6534 8615 3989 3185 7474 5577 5563 7765 2832 566 6164 7463 9144 765 155 5554 8497 1612 7636 6290 665 8313 
6931 5527 7339 1218 2726 6359 1391 922 5279 7925 9537 5620 7463 3363 1198 3026 7480 4030 9944 3645 7845 5440 4410 4352 7346 9259 5964 4983 5550 2982 9648 2481 8509 6987 51 7587 9699 1442 8509 4978 5720 4399 6950 3183 4114 8148 2561 1595 8530 8857 5240 2728 4298 6002 7080 1644 5262 9397 2979 812 2379 2627 9645 888 5967 9696 4827 5666 1138 3337 644 3210 4088 3946 6393 8202 2095 5306 9797 6977 4164 1389 9705 4814 7392 6786 6458 2654 2535 9438 9818 4914 8417 9463 2154 4384 9159 6981 50 6649 
318 7046 9860 4406 993 2605 8961 9440 7912 8758 6417 8428 148 2475 3242 3892 5613 6052 6546 8148 1842 2716 3062 6612 2179 5216 996 7690 2197 1047 4339 8868 8093 551 9626 5438 3157 8587 4878 7421 3698 7648 5849 198 123 5443 4090 5736 7847 6988 3884 6042 9704 3298 2654 8235 8514 3650 5925 7063 1049 264 2283 5495 816 1910 933 325 6849 2164 7746 547 9812 9947 745 9935 5390 4835 2023 9589 1823 5907 5631 7879 5557 8285 6114 423 1936 2039 7486 2985 8656 9770 8480 5824 8032 5766 6149 4881 
7930 247 5429 7742 194 2526 4029 1936 7362 6052 1525 5537 8311 7157 3417 3868 5442 9531 4291 3730 7923 8129 3068 2931 7899 1548 8755 2283 3666 1256 7165 1596 7855 2594 5690 8049 5120 9719 6337 8834 2123 7862 724 434 1371 4141 654 6814 24 1297 6896 7947 9427 9964 878 3678 7865 5985 5962 1531 3593 9479 3128 1448 8425 8818 9497 3545 4890 5834 8732 7013 49 9456 7448 1420 9949 4454 4586 9973 2104 1483 4273 1531 1447 1503 1561 9312 7489 3875 7196 1082 3354 324 2531 8131 5494 8380 1677 384 
567 6761 3750 616 2569 7550 8388 2518 2004 2975 8843 4108 4458 3116 1991 2257 4620 9905 7922 8461 132 5118 9543 9839 1794 8426 7970 3640 3159 5999 377 3726 2760 4127 694 1681 1677 5434 4199 3681 8409 3043 4142 9219 2511 2485 1477 7131 2390 5751 5592 8875 869 1488 8714 9015 9914 6684 2655 9425 9036 3032 3151 8148 7159 197 9830 8836 5632 381 8870 393 9776 9364 9613 2288 1849 7442 5771 4240 3193 1364 3115 414 9204 8181 9429 5470 4865 2084 4896 3901 1469 4399 2050 8628 4597 8232 3817 6581 
8613 2687 6974 8390 2051 2939 678 252 381 6449 4492 9926 4165 3959 340 3369 8492 6121 8840 3358 4558 88 3611 6027 4487 2013 1007 5436 6597 4824 2017 5211 3863 5344 9953 2266 8283 631 2519 5017 3432 3363 1295 3950 3675 7988 3671 2167 4109 8863 1877 5019 8951 1841 1046 9791 206 8406 5227 6804 9582 3597 2015 9798 5293 8320 2064 9928 8951 935 4945 8735 651 6241 2685 4326 581 2709 2845 4690 1572 4723 6062 524 2916 3460 315 3122 1866 1894 9926 1449 5491 8293 1247 784 6613 9663 713 1916 
6951 2010 7004 7602 4603 6041 8280 5184 8750 7477 6227 323 8552 2289 7199 1468 5749 3866 4591 3968 5760 869 5417 7604 5515 3016 8388 8480 9031 5453 6749 5982 3816 3753 9936 8419 9794 8216 9956 4897 5694 2535 1572 4246 4824 8771 2067 6925 2637 3010 893 4749 231 2662 2353 5746 2030 7094 579 1062 2547 7328 3396 2715 7433 3333 1135 3579 7901 7443 8476 9947 9978 48 546 1154 5171 2613 4431 4160 5623 5325 8910 5854 4339 1263 7953 2722 8357 8532 3784 7257 2212 3532 9972 9645 3217 7459 3224 1119 
4902 8053 7418 1232 8101 7964 8738 9625 6929 3170 3785 8904 4847 2695 1111 9186 311 5416 1908 5020 3948 2044 2277 2512 1929 8602 2157 5146 6061 1733 2617 7316 9786 36 4900 4240 8000 3639 3865 1282 6809 7650 186 1656 6698 7649 7194 7009 3065 5455 2029 3365 3851 659 5877 5780 9261 4386 7279 1674 6120 9896 5342 2258 9932 243 6498 4285 3882 363 5567 7043 4366 2105 5051 1064 9755 2245 4425 9172 4052 6454 2538 7904 7113 4767 36 2726 9154 7315 4401 1626 7212 9743 3884 3496 6338 6735 4133 6572 
15303
