100
4020 6121 8223 9333 2350 1701 6798 8521 9523 2269 9490 5172 5015 1794 827 5400 6090 7956 234 2210 501 6436 9081 8168 2084 214 5357 4455 6733 9158 3308 754 5279 7883 6439 3981 9585 3237 2503 9108 1858 1993 4280 6873 139 1460 8626 2582 5768 8860 1144 6269 1648 6578 4438 3732 6792 6147 8188 3526 5305 7848 632 6937 5731 7071 7270 5316 6660 9773 776 8518 1766 1409 1743 8258 2869 6721 7192 8637 1934 8336 1258 3582 4914 2048 7315 8059 8195 1855 7937 9853 6055 8569 3142 1786 1992 412 3455 5004 
6538 583 3522 4656 1992 1617 2914 1213 8339 106 9850 273 4795 7461 3855 9709 9509 7522 4120 4057 9377 2057 262 5432 6978 3404 3571 8970 168 3378 3974 6706 313 3848 1363 2306 5466 629 3519 3805 736 9722 4078 1883 7183 4285 1592 6692 1808 5713 749 7537 4122 1011 9322 1101 767 9245 6423 7288 2623 398 3994 2936 598 1709 1594 6064 2339 1466 6221 9427 1188 6651 1310 8371 7289 9254 1415 5449 1319 8517 2986 5442 5880 2308 6543 6648 7905 2966 288 6880 9716 634 9817 6667 2344 7763 9083 1035 
9229 5305 6814 6769 8308 8124 1492 5597 3730 2908 1046 1402 7777 385 6844 3657 9045 9739 6657 6951 9057 6945 3831 8774 7580  0 1793 6276 7764 876 7311 3345 2533 4125 115 842 8601 1607 2791 8683 867 3838 85 8644 575 6929 2302 9620 6668 5311 6571 2078 2257 6755 852 6189 6755 2645 2465 871 9873 6128 4217 2407 253 684 3249 5206 2291 6040 3889 3159 6230 3975 8155 3157 904 457 2778 3925 5769 5701 6003 4378 2456 3207 6919 5564 2204 9384 6435 2077 5512 652 4484 2117 1336 4085 7323 9980 
6478 7564 9491 9060 1539 7646 2218 8796 4456 1348 2721 6577 7049 5076 955 9506 4635 4226 5070 6839 3610 7857 5268 5474 4862 6105 3943 2550 190 7618 2530 3020 5182 8373 2081 6722 6020 651 5518 476 1999 4591 7053 5400 6019 4360 1258 654 8586 6328 3845 8548 538 9113 374 5400 5218 669 7950 1761 8287 6833 4781 3469 5206 3214 6543 1226 217 8413 8054 2216 9356 1459 7617 5375 2171 8875 6029 7109 1556 9874 5657 8446 5340 2383 3846 6910 3052 1796 8671 7691 8629 9805 1161 3836 9371 4056 1414 9589 
2470 9469 8157 8178 928 2126 3554 3100 7354 5935 6561 5262 2162 2219 3708 7502 954 7554 4412 359 5702 9436 8050 684 5593 5563 872 1316 9620 2286 7257 8442 8107 5415 6620 5388 3893 6526 4840 1247 2462 1401 2861 4624 9972 6569 2126 7279 475 2890 7638 2530 8678 5688 3214 623 1252 438 1940 7224 9076 9197 2018 7184 964 4990 8924 4858 1517 116 2457 331 1517 5319 4955 7842 8240 3433 5121 5068 2675 2759 7598 1354 4799 7164 1977 2403 7602 3917 5979 3030 9467 7997 6566 431 9340 5490 5289 7209 
5606 4099 7540 3476 5770 2495 1318 362 5928 6439 5430 4955 5550 9380 6309 349 6544 4639 9105 498 4908 5084 9881 4375 9434 6447 4807 8774 1938 6448 5983 3896 547 3523 7372 2669 2370 5042 3032 4650 7833 8462 9605 3383 4195 2267 85 7091 6906 5542 3942 1814 626 3823 6190 60 270 7349 5186 8560 3797 1169 8809 697 1044 6181 3366 3414 7576 2750 4416 5409 1213 4022 5145 1760 6289 1582 8851 9547 7124 2793 1361 4102 6616 3903 4163 3239 1252 5701 1799 1402 6871 608 2099 4267 3142 1817 4034 718 
4568 8450 2479 2133 2472 3976 3893 5113 5558 2744 4660 9034 1890 2374 3137 4858 6277 3652 8097 3882 9353 6249 5284 2576 6857 3735 6844 6351 1904 7230 3421 6472 5680 5901 4957 4505 6229 5202 5970 1788 4299 631 7174 6189 3005 311 1047 5634 315 9145 9516 9669 1746 1152 8597 8603 1239 1793 1307 3144 9023 4728 5968 4704 6981 926 5561 9563 2480 1531 1351 6779 8514 8525 2968 1519 5189 368 3506 5504 5865 3022 1525 7611 527 123 2566 1766 1916 3873 4910 940 4954 7231 1996 8287 8157 7557 7850 637 
5440 5553 3769 3955 431 6737 1826 5620 3457 5332 7476 9322 4707 9002 6933 1586 9125 5852 3352 1041 9725 4615 8333 1031 1846 329 5671 6355 4238 3521 3344 9679 5427 7113 9986 5858 203 1812 7830 3660 3497 1658 2983 4556 660 6268 6142 6137 2120 9494 7179 8198 461 1864 9229 2307 2194 1252 5014 2784 1126 8359 8815 6553 5472 8801 8763 2027 614 2945 5688 463 4603 5023 5019 1616 7643 1161 7753 9764 7007 4932 4314 3821 3149 9895 6128 1695 1148 1143 4479 2274 5854 3295 5179 7678 2096 3942 9706 9062 
3239 1746 9525 7842 6769 896 9458 764 8409 7212 6880 5417 8496 1194 5590 1645 1090 1718 3340 8590 9213 4172 864 5067 7467 2395 2746 5915 2689 2452 4978 5928 550 855 3770 7319 1752 9581 4435 161 3145 1316 1930 7993 2510 7520 5991 9952 5591 9331 8542 4804 9855 5758 6224 7322 4505 8970 3238 7194 7774 4568 3122 8324 5423 3245 1995 7175 2826 6430 3689 2323 7746 5619 316 6609 9492 6307 2913 5083 1991 1456 6239 1846 3566 2463 5521 8072 1433 5111 5266 5559 9679 4741 235 5102 7986 2230 8630 7164 
5013 2319 9487 9111 4290 9803 5720 3782 6111 8634 5217 8102 6442 1457 9948 6360 3920 1821 784 1706 6932 2403 3617 6611 7144 3853 8066 1482 2435 6696 8646 7448 5367 8133 2912 6009 7936 4984 6144 399 9970 1361 8501 2764 9170 4802 9125 9443 6623 6261 7501 9908 8664 1118 6519 2160 1323 4585 3642 3759 7633 2288 7559 9352 421 471 1714 4710 1808 7858 5109 1778 5571 9963 4543 1094 1117 20 537 7740 6281 8038 7648 1298 9156 520 3458 480 1457 7101 591 5443 5741 8150 4795 2515 4974 2861 3577 6782 
719 8686 4912 2643 5001 9455 89 6118 9475 626 211 5757 5016 4211 7055 524 4731 6865 1004 2541 318 7947 7984 2412 2450 9131 4927 3776 1993 8504 558 9064 3542 5470 8059 8544 1278 8148 1014 753 8774 1225 2862 3790 5437 6269 4315 6520 9487 1671 9061 9805 5971 7045 2217 8421 2529 3496 2197 4522 8352 9107 3586 1895 929 1646 6791 2207 9794 7805 9313 4921 5383 8527 5063 7172 4797 9378 44 4284 7402 5458 441 9725 2503 2659 8146 1384 6155 6695 5906 4508 2154 9493 2755 3083 7491 5898 1643 7285 
55 956 8558 5438 9483 3622 8962 632 9352 9007 1268 6754 4465 1710 6479 3320 721 977 4705 6876 4024 6963 7736 6178 2808 6843 9262 299 2741 7257 3937 9149 4565 2495 939 400 6117 9902 1033 5470 5261 2301 8576 6078 4011 1408 5750 4732 2385 6807 7961 6410 3771 2049 8940 6579 5245 8202 6879 4338 1811 816 3487 6376 3311 4427 6777 5781 681 4162 1251 5942 6463 9827 8372 6827 7587 4122 7911 9973 930 5872 2735 4701 4274 1675 1280 9519 6230 4511 209 4393 1679 3697 770 4991 4476 3899 7124 5157 
8061 8375 7451 4524 4554 5823 7703 2142 6297 5615 8467 7227 7839 7554 8280 2113 5581 5913 7984 1811 424 4546 6205 2104 8243 3327 3447 9071 7226 571 4228 5287 5298 8031 6163 6204 206 3867 4698 6503 9482 3165 83 3673 7071 8363 2139 2653 628 6475 816 1053 1021 7021 9509 5616 6700 9308 4687 3926 9879 5267 5565 1529 3298 1729 7733 9856 1948 2432 6360 7782 1949 2795 1455 5373 7510 3594 8026 8139 70 8842 5544 1091 2216 5053 6708 8916 4361 1395 9195 592 6663 4760 2121 6313 2841 6206 6170 4789 
4990 8882 2571 3292 1677 4027 8665 9187 3973 6691 3678 4043 1885 9222 1487 4101 4275 8195 9370 4988 5942 8565 5580 8957 9677 4053 1623 2519 260 7793 7308 1602 3027 6232 4894 4704 6611 3559 243 584 6602 3922 4628 4840 9496 6115 8941 3772 662 8311 5112 2956 3228 7045 1914 2906 1098 3537 5425 7710 7682 9085 9313 709 1669 559 1765 8280 471 2008 8865 3425 2282 9845 8265 1779 2312 7207 1903 2974 1870 7015 5930 1451 412 4196 4357 1511 4085 6134 5573 1767 1571 1238 8828 3241 1798 593 1521 2269 
8954 6738 5694 1236 6583 3960 9367 5247 7519 1270 4573 5741 4638 6856 7192 5050 1052 7901 2913 5138 387 8487 3257 1959 9725 2086 5200 7875 2679 3073 144 1633 9812 2191 9222 2747 2503 8589 7995 6374 6212 2568 8467 7202 9424 5660 2252 6829 9913 1518 8319 301  5 1576 8612 6082 3662 164 3958 2694 9589 454 4327 5753 8997 9901 8501 1500 8491 2848 4226 1055 1768 2694 8257 7545 8354 6861 726 4619 8379 9045 1272 4736 621 9884 7171 636 6400 1129 3330 5990 7935 4009 1743 6933 3911 6596 8433 8754 
5796 2660 9809 3917 5354 4418 1462 60 1279 8540 1031 6011 7585 2304 7099 4558 8540 4270 5194 4941 5399 4876 7283 3335 8886 5378 268 2797 1975 5053 1551 7771 4065 7712 8040 5771 2130 9502 2183 9761 4394 3215 5772 1979 1871 9224 2890 411 3494 4436 1704 8894 9313 5339 8581 4551 718 5201 3700 9045 254 1603 6816 672 9315 4857 6443 7797 711 8627 7558 1458 8194 9683 9789 65 8907 2679 6828 2401 3468 4885 7647 2781 6576 2580 3684 7294 7781 7384 6339 8036 8987 9508 5060 4654 717 1503 8803 7780 
6482 2713 9238 4676 8748 9028 1093 4007 1707 4274 2761 5175 9159 408 4308 5735 2989 4344 9382 7122 1728 5721 5158 7067 1581 6570 8073 2298 8074 6876 79 908 5942 5669 1937 4690 4697 3030 8698 2757 7304 1459 4284 2815 8219 8593 4903 7560 9289 4285 4683 1018 6358 6193 4437 7940 2764 8863 6590 7190 2091 3021 8098 8033 8691 35 2724 9740 9418 7774 2497 6722 5585 6782 5890 3804 1727 793 7717 7368 5078 2400 4738 7788 8593 9176 2080 7709 4391 8671 4899 6482 8044 9350 868 3087 5737 3592 2828 5155 
7718 1677 8230 3303 4811 4120 3459 2890 1265 1176 259 2695 3576 4997 483 8522 525 2564 6231 4916 7587 7483 7751 1983 6833 8619 5071 2570 8563 4251 4078 6281 5928 2308 9584 740 2780 3043 9982 4045 572 241 6740 4148 1591 7223 9022 2116 6139 5254 7033 78 9089 1136 2062 5922 9755 7133 4844 8318 1384 8922 4599 3664 7582 535 756 362 9930 739 4407 502 980 1147 4651 2571 4723 3673 1040 862 5279 8073 7293 4368 5561 9355 6642 5316 2840 7839 3634 576 3113 8233 4240 696 5120 4997 7410 5050 
5736 1818 5553 3068 9317 6556 1992 392 229 3032 7607 1861 7457 4900 2581 3018 4255 5576 8334 3447 3415 1968 4023 2880 6553 4615 9928 1673 9612 7339 6723 1700 5509 8628 4769 4826 5184 3113 1571 1766 6145 9178 3627 3602 4078 6208 6620 4685 8136 1306 8132 1551 3274 8507 4432 6179 3122 4360 4204 9087 8051 7279 787 3560 5908 1908 4739 1092 5021 6310 2858 7518 5488 2837 1120 5918 5398 4092 603 3534 5398 5087 5086 5024 3594 5870 1203 3068 6582 5407 2155 986 2687 2943 4546 8595 1203 9285 6039 6225 
1947 5250 3743 3787 8087 1216 9705 3485 5308 6660 7020 707 1747 8458 5731 1693 680 3287 4762 3614 8694 6917 4600 7733 6212 9147 2680 7416 4784 8720 3641 3084 3970 3736 6871 8409 1304 6577 1895 6613 3237 5267 3672 1337 3725 5755 3030 4405 9042 4144 8019 4089 1062 2620 1822 7274 8119 4503 4690 9255 9575 4683 2339 9897 4772 9211 8306 6076 5788 6553 9041 5377 1820 2713 6714 5545 8469 6097 6302 3863 241 674 7952 7655 3294 9775 1282 7765 630 5972 7020 6557 7008 9360 2806 8132 8571 7464 4208 711 
4018 3250 6088 2190 2315 9155 4088 7136 1604 390 1000 8197 1064 8952 5853 710 5079 7135 8475 2061 9459 1848 8618 2819 1208 7776 951 9779 5241 1512 6842 5611 1114 9282 7801 3429 8437 1889 6918 6393 8632 7918 4591 6048 6870 6796 3111 1950 283 7938 4011 9742 9786 8982 8914 994 6758 9865 7125 8351 7729 3967 3962 8843 9602 1764 8625 8039  5 5543 785 4989 3461 5376 1038 6683 2172 501 4985 2455 8439 5349 8549 8226 683 3815 5572 7441 3681 9050 2145 7762 9369 6107 2958 8971 4223 1583 7011 4229 
3478 7796 5570 3291 9524 2960 6326 8048 3461 1312 6855 1901 3013 5404 127 3696 5572 2051 7489 5605 1101 9634 3367 471 5742 6325 9442 9965 4260 2805 546 7738 6953 2469 7381 6477 5429 3708 4525 8891 5020 7732 792 8033 9489 7271 8081 5061 9322 5570 666 6776 5205 4033 7247 7299 359 6689 3616 4619 9495 515 8710 6448 2984 6091 9278 8413 9799 155 7304 1171 7888 4448 5556 7377 8071 3637 2438 3746 9208 3104 522 765 3489 7769 8064 200 810 1680 1172 6657 2195 9882 9458 1531 2325 8736 9945 2125 
5243 3601 9648 9483 4402 5205 6860 2473 8842 5650 2571 4402 5106 3093 5167 8596 7214 3231 8796 4377 1264 9968 1034 9811 6202 492 1343 8528 5580 1288 7005 7176 1241 6653 6659 1995 1858 9872 821 7053 5522 3392 1455 6981 2838 2975 1929 52 6206 725 4429 7470 7046 1816 7282 9600 8660 4977 8128 4241 6265 1485 1417 3858 8139 4428 5854 6349 4300 6675 9754 6175 6419 7562 3156 9257 537 5085 5662 6743 2162 6443 566 5560 8259 4200 5161 6920 9177 9641 7513 1794 1127 5282 2004 5618 9710 7858 8319 363 
885 4426 6538 7305 1988 6046 2914 2525 7483 8576 5620 9645 5020 2538 5206 9631 3090 6719 6551 2267 6360 416 413 3839 2050 2418 5809 1761 6628 4129 8476 3866 4907 5014 1171 6895 7412 4085 5772 4895 9014 7744 4540 4034 283 6098 3665 3373 9169 6569 1993 1882 3337 8758 5721 5388 7528 7883 3501 4157 8364 1977 8023 3271 3343 5546 166 755 5983 2290 2002 4997 34 2894 5383 6669 8993 5401 6395 4514 8322 8388 6396 1659 3498 8470 7047 1027 6353 6900 1536 4717 8877 5911 7988 8572 1457 4506 5679 7440 
6796 7681 8790 3182 576 4173 9852 5921 9574 6247 435 7896 987 6832 9556 4485 5302 2955 1864 1655 6208 3400 2724 5085 9311 712 10 7120 1570 5689 913 4718 9723 9703 7900 299 3876 4104 6220 9803 351 3007 7699 7690 9839 3607 8528 1493 2915 6744 9500 9123 145 2224 560 5808 9288 570 9281 858 2612 194 1928 2335 9897 6181 8986 125 285 1558 9928 6989 4565 3980 1031 757 7587 9559 2250 502 6304 8103 5977 2801 327 6538 4961 9616 3460 4242 6826 6072 788 5107 4759 685 1288 3745 7163 7925 
1655 7091 1266 6221 1071 2298 3330 5011 8209 5580 5513 865 3683 7843 18 363 4381 4980 6331 4193 5574 3157 6618 6363 8264 7729 3400 5904 1475 563 3830 3130 7655 1448 5703 5078 3746 9033 89 8308 966 1955 9173 1001 9798 9192 1364 531 524 7695 4724 2450 7205 7694 5165 5469 5424 8566 7726 3251 9129 7908 2733 3136 9356 8437 4567 9455 7470 4656 7763 4788 6611 3288 5790 2761 8832 7154 3292 9356 1202 4369 8159 8407 2063 3324 228 3839 1890 7954 7090 7372 5862 9824 6860 1571 4613 1427 1026 8435 
6084 5141 3224 9047 8429 9014 1809 7262 2520 5101 2970 3722 5822 1129 2129 4238 4454 2358 8077 2696 6664 1520 68 8879 7696 6929 450 2309 8356 7828 744 792 2969 3968 9840 7750 9334 1649 5012 1855 3102 7983 5577 5277 5464 4059 9515 9918 2769 3944 8967 9433 5464 9035 4664 9512 2316 1466 1821 7025 9294 2566 7817 8615 2886 7657 6366 2221 5658 1378 4076 5113 5713 6005 390 7530 64 6257 3800 2833 6553 2767 8619 2018 8155 3283 7882 471 1102 9704 7496 396 8622 5314 5364 1508 9323 1730 3729 1334 
9460 4157 2799 1526 163 3189 9056 227 5798 9208 9413 2351 1976 4384 721 131 7667 8604 6954 5121 8308 4451 5518 6930 6117 882 4790 1792 8964 8520 9478 4776 9029 2277 6302 9192 1818 1710 5772 7616 919 5185 6320 9247 9569 7041 9378 3588 1997 6332 8710 6657 7135 580 9939 9604 7814 4730 1397 3130 9602 875 7906 8631 3153 4209 4176 4971 2271 9948 8940 3190 1485 5260 2437 7406 8653 8167 7346 7003 852 6056 3660 7987 2988 9952 3944 7154 4682 5341 284 636 2568 8191 5619 2073 8752 9795 3397 1023 
6095 2337 566 7580 3949 3003 4986 8954 7523 2333 5957 8375 4741 5970 2714 4082 5922 6658 1236 6956 8351 1521 7592 7272 6064 9563 9345 4816 9359 9094 5839 1806 7783 6405 9387 1732 5761 725 7039 9636 9410 2996 8011 504 5318 7077 4586 1240 88 2174 4548 8439 3695 8492 2063 9759 8056 7761 927 3767 6855 6767 5573 4639 9524 1312 2723 1637 2038 9762 1273 7800 9111 5636 8304 4429 2714 9242 2022 2802 1417 6570 7593 1464 5063 6009 7576 3119 3770 8503 3238 625 1622 8811 1616 1147 124 692 2784 8514 
454 410 6314 5917 6046 4619 6699 8760 213 5073 7914 1630 1643 1860 3095 3058 7869 671 2529 1639 5526 5767 8616 7149 931 6585 8296 1055 7277 7432 9569 4083 4194 2235  1 241 3206 3052 5353 3420 8125 9620 5050 6120 1480 4497 9179 5701 1520 1708 3692 7047 3828 2308 4196 4759 5245 8844 2166 2522 2628 8087 6606 6823 322 2959 3416 3529 2363 5121 6949 6840 4741 8351 2960 6221 2849 8491 8274 4369 200 1966 7768 380 4275 8316 5139 5872 3512 7305 8395 6141 5392 1353 9316 2066 664 9084 5595 9379 
4205 2544 6219 8947 896 9179 1520 97 7671 9795 818 4223 1761 8587 955 2388 3255 6094 8261 6768 9751 3008 9261 1495 4361 8577 3561 1377 7661 5509 756 1866 8053 6975 7165 5301 2506 8686 1750 6529 8481 2569 752 242 7508 1707 8983 763 4153 7244 7531 256 252 6792 8103 965 1721 1665 2342 9382 7174 9450 7601 1579 6425 4766 3233 8931 3452 4983 1813 8285 7552 2565 4880 5060 625 3863 2176 1130 7459 9707 7739 7711 6500 5842 5028 8221 7507 7370 3956 1033 6820 1557 8965 9597 2675 2198 4880 2480 
3533 6693 765 7438 5611 5645 8850 2588 5860 1026 3718 3319 734 1457 7382 3586 7300 2410 8159 1159 6132 8467 8545 9304 6376 7510 8901 9052 6060 134 1532 9593 6827 2297 7031 8790 4295 5882 1378 6507 3260 1449 9827 3994 9258 3561 3932 6558 2324 2092 4070 8456 559 2615 4113 6936 6477 9366 2340 2537 9500 3872 2130 2680 2521 5514 1470 3168 7748 2849 9676 1008 650 5855 5003 9908 9416 5287 2819 1740 3731 6889 6549 643 5856 662 3931 2333 28 6271 1222 5881 6495 3352 8561 5368 5218 31 8537 2966 
9232 4565 3975 9882 420 5330 6143 6188 617 8962 4281 4349 5851 830 4992 8059 7844 5275 6744 4224 1546 7966 105 8041 7670 5018 3409 2889 1402 8298 2207 6986 2863 6182 3221 9635 7864 9364 5824 8482 8326 105 9183 529 7287 527 4940 1483 5802 1684 2059 3700 9650 8517 8093 3672 3535 7854 2913 4937 6153 5121 8276 5368 7655 1497 5004 5520 861 828 354 5539 7285 5889 6068 924 6416 1008 2407 8570 9044 4466 8622 5046 2983 6715 8718 2871 4569 7984 4160 7074 3105 2436 2443 7112 3933 7447 2632 1146 
4627 9338 3037 1912 5227 5457 2836 7995 2817 1595 2917 1861 2413 1539 3259 5397 8254 1978 8268 9176 6314 2428 6250 9419 1217 5045 2883 1502 8844 5516 9001 3471 1206 2038 1735 6434 7496 923 781 313 2518 3699 8527 4932 1590 1786 6681 9845 116 1301 5373 6430 81 7975 2201 1298 9373 5085 2801 8217 6953 8154 1689 8159 192 9776 945 4040 700 1727 706 9570 1778 9233 854 3368 7371 7535 9565 7488 5188 1290 270 5270 9266 8824 2920 8639 3909 2073 3208 7214 227 4897 1725 420 1026 2671 812 1726 
750 1518 1296 8880 7103 8503 2248 827 6038 8166 8315 1227 9456 4937 2849 8722 3761 5769 3713 4022 7843 6922 1236 8070 8171 9314 4842 5549 1985 2007 7275 9087 3525 4924 7967 6981 9779 6567 7808 5817 4733 2475 3396 542 7412 2597 5616 7526 8367 9330 1548 2562 2604 9137 632 7127 8451 1827 2677 6788 3834 6304 2227 3711 7580 6546 692 7359 3113 4852 9529 4199 7327 9277 4741 1092 1875 357 8618 242 6039 6518 2804 4995 5655 9788 8475 458 7967 7504 7246 8153 3808 9473 8217 7741 6019 5261 1452 5485 
114 981 6036 3793 6611 777 4885 8486 7486 9855 5080 3526 6374 4236 8521 8381 376 3348 8840 8344 852 2438 2849 4661 8264 1066 8754 635 2680 206 6120 2794 7540 8508 2939 4151 9285 7825 8989 3124 7680 4069 6650 406 8305 1523 5140 8681 4872 332 3377 5724 2770 6227 6737 7386 3645 1843 8022 2677 8402 494 5471 5942 9003 4763 6445 4640 2588 5434 7764 6620 9503 766 3379 4160 8642 8519 2841 3514 8851 2571 5590 7973 5150 8680 5360 5147 523 3382 7825 8925 228 3296 1219 5583 4411 4016 224 6999 
9450 7988 9972 5305 5107 9703 5817 3749 8222 5011 3615 3425 7582 9205 1398 2732 4237 6758 7879 1113 6492 5704 6390 3073 5353 3962 8656 9764 7978 8880 3116 7429 3221 9440 9086 8328 9143 4904 2077 7365 9915 2044 7142 3849 1249 8540 6581 1839 1651 812 9304 4495 2869 5694 7568 4574 9656 6225 690 7635 5105 158 1416 4678 9598 6854 3006 5093 1758 1435 8810 8025 3479 5952 1874 1081 845 4807 9272 2496 1972 8576 6991 1193 4270 4560 5767 279 7137 2809 4266 8594 2968 5682 3273 8918 8888 2631 4012 647 
4067 9174 5024 3898 5127 3251 1331 5972 4410 603 8468 6382 5531 1811 7575 9802 2723 9694 6433 9860 2504 699 8455 1824 6381 8080 7094 5269 711 7458 2268 1130 6633 3645 1381 1760 6896 2712 7732 1306 9668 2552 4041 5199 715 1616 5001 3439 7663 7786 9651 6519 8485 8106 8343 1218 6186 5437 6488 3250 2896 5108 4380 9529 5105 5761 7641 8353 8474 1725 6012 4494 629 53 9693 1344 8021 1047 4783 2036 8833 787 8555 7319 5245 6898 8537 1432 8688 1377 1034 7936 2838 5414 3817 7943 7528 1458 2649 2354 
9535 8661 6848 164 5066 6541 1508 9439 7588 2644 1476 6422 3431 31 93 8676 3282 8630 6460 8322  8 7494 6258 2846 9261 75 7141 6789 7885 9790 9143 7420 4803 5991 3936 9869 2532 5444 5661 6473 4440 7137 2895 7871 3520 2988 2900 6802 7970 9360 5124 4330 3207 7734 7176 2468 4161 670 5609 8398 6812 4752 5818 1616 743 9754 7837 9627 1551 3498 6100 5991 6987 5347 215 508 4687 3115 3662 9010 8827 8787 3340 2034 2873 6869 854 7035 7539 6463 5433 703 7567 7604 8671 4662 3710 2861 642 5261 
2711 3094 7605 9699 8442 7820 6559 9481 935 221 4843 6114 5360 8184 4501 8234 5053 5355 5269 8944 8171 7054 5999 5738 4658 4671 6753 4721 7532 7395 6334 6595 489 3939 6294 5283 1759 2853 1117 9046 9427 5960 5161 4787 4144 9662 3021 5549 1369 4642 845 5892 8049 6845 7983 9059 7868 4736 3780 1752 2131 115 8347 8972 406 4642 4256 8518 3847 1725 7564 3274 7685 9077 4414 8182 5091 7435 3731 2813 8430 929 8705 6479 7774 6688 5538 1994 7776 5671 3746 6259 2138 2093 5232 2544 3087 5840 1062 3287 
7565 4979 2913 5250 4056 7327 9784 5500 1115 3516 8313 9545 797 3370 2376 4923 6411 4266 6917 4187 9937 7015 447 2075 5460 2031 4620 8548 7871 2034 8187 1788 7013 7452 7038 7422 4780 3175 2922 2247 6691 7587 1792 3840 7309 520 8763 3720 4786 5680 7908 1076 9047 4707 3151 4507 6738 4123 9407 961 6158 7594 2749 9523 5047 6139 6945 6179 9314 6219 8426 2357 158 6570 6197 7468 3442 4960 1188 8228 6992 5448 5656 6039 155 8808 547 6893 9283 9954 7854 1793 3901 6955 1317 5300 3095 8262 7831 8761 
834 6257 1119 992 9179 7316 8460 2621 8629 6001 7201 1973 1449 2858 8013 1605 8018 4912 4850 7301 1218 9057 5447 1471 6012 6764 6771 5459 1378 4602 4221 2212 7211 5340 3205 6390 9008 8017 5363 7637 4018 2565 9611 5468 5423 3976 7073 3441 5240 8275 7094 2810 7332 8893 4282 9697 5657 7405 5156 7036 8360 9377 5600 5571 1069 5157 8314 78 3175 3677 4067 3545 2594 30 9013 8017 358 2438 7810 5598 714 1257 8409 4398 150 9043 4095 2160 6448 9252 5548 4808 4981 1148 6732 6051 6306 5046 6129 5833 
5075 6548 9378 7670 6579 4744 2039 6937 7182 9850 8888 4248 7459 3649 8647 7609 2692 2742 9769 9140 8346 1669 301 3328 2818 7033 9379 5476 8431 1860 7661 3506 8408 7039 7528 4987 8135 9568 8277 5318 5770 7165 5918 3229 814 917 7190 9858 3660 6960 5350 8358 4981 5651 1686 7799 9036 7417 9627 7467 9277 7288 7326 4038 680 4854 5377 8815 774 3654 485 6544 7171 6404 9773 4337 7321 6964 4195 7333 276 9546 5692 5257 5197 3730 9409 586 1148 9036 8053 6777 2677 1731 815 3357 2938 2545 8524 3712 
6199 9010 257 9723 1766 6382 4060 5439 3346 4608 9125 9974 4154 4817 5232 5703 4899 993 6289 2399 29 695 9177 2706 8778 6344 2415 1716 5241 940 5429 7793 9950 2038 7516 1716 8420 7928 3507 8119 2536 2632 8093 6690 3801 9677 2394 8701 670 5035 7452 700 2082 2981 9758 861 9326 2174 2577 919 3114 4358 8712 9416 6396 6228 7484 1169 4157 991 9288 6693 3624 3733 9736 3777 3411 8482 2478 4081 3517 6283 1133 5600 9264 7244 2813 4942 9418 5390 5862 8884 9749 4574 8300 2497 803 5784 18 1312 
3127 9306 8005 3103 3040 4093 6881 6451 2575 5711 6884 2445 1994 4370 4397 1259 1614 7210 6201 7384 2600 2063 6268 8701 2990 920 7551 3793 3056 7569 1457 6183 6876 5814 9287 6268 9908 6168 9071 2483 1879 2307 1280 226 6677 5677 1485 8291 2887 7686 2027 1840 6102 8295 541 9092 9215 4444 9237 2271 2014 694 4807 5242 6508 4094 7862 2768 6614 6933 5252 4845 9240 2884 5071 2270 8562 6556 561 1449 595 2589 3289 3049 7236 183 2141 2804 979 7730 5075 2993 8424 6234 4587 1284 328 2449 4053 6942 
9382 5657 1788 4975 8541 3211 7245 7103 9768 4158 4905 363 3099 4546 3412 6688 1081 1905 9492 2061 9635 919 1406 4411 7154 5994 2047 7482 8443 6100 777 4178 8109 8917 9153 6651 2128 2750 106 8248 6908 1363 4963 6360 5910 4727 3048 3343 2984 2540 5404 2619 3459 3163 3382 613 9157 5430 4448 7600 7882 1577 1778 2344 6846 7283 5347 5326 33 1805 3575 6942 3169 4890 3302 5431 9618 2702 8774 2602 5242 531 1574 8701 3694 1308 5667 2851 3090 6467 6803 973 4396 4934 9669 1242 2217 5016 6568 8603 
6821 6495 1897 6342 1386 1551 1773 7356 4253 6900 9958 9495 7431 7884 4548 7477 9193 6567 6680 2283 3034 3483 9608 7430 4769 9277 5024 3339 4293 7945 1942 7467 792 3839 3809 2178 5390 5583 5886 9643 8835 2197 5490 6266 81 38 95 9274 6606 6775 1558 5992 6610 1166 9775 7732 6796 4799 1071 7441 2744 3013 4908 9889 3204 5070 8419 4946 7005 4306 941 5840 6503 6431 8458 6584 2821 8553 5859 5779 1680 3769 1772 4642 1287 1547 2374 4435 2698 9797 1877 1795 9162 6785 1684 2366 8207 103 7312 5212 
4409 4605 1052 912 1036 9510 3849 210 4415 9708 5989 6095 9829 7761 7090 7468 5660 9464 1904 8359 9262 3781 154 8424 6918 1838 7143 5126 1941 807 6690 2703 5413 7743 3615 2801 7253 7464 3011 8021 3524 9001 4116 9705 3114 1206 7174 5127 7023 5430 9838 2637 5563 9992 7413 8833 8182 908 311 6475 1716 7002 9178 3481 4745 2794 6282 8350 6610 9294 6371 6487 4647 6840 6192 4113 4398 9718 5592 7773 1500 5430 410 7063 5422 4176 5897 9956 5084 6208 6432 3152 3210 1962 6633 4307 1108 9268 2658 7719 
4914 5381 558 9561 2221 6750 26 2972 2821 5619 745 4321 1049 7508 1385 2824 8036 3634 9132 9472 9842 1916 2625 9405 3879 5610 64 4987 4878 2722 2706 9792 4456 3264 5705 3029 6367 2084 6001 9188 7703 3099 9861 5104 607 7598 4280 8643 1232 3413 8115 7427 5329 7092 3184 5560 2703 3248 548 7581 2323 3254 3726 6779 2871 9431 9808 5590 1515 5810 1130 5570 8909 991 7027 5868 8590 7659 863 6174 7424 8978 3601 2754 2423 6785 4666 5126 6386 5214 9059 8709 4821 9137 5488 7692 4921 5296 9634 2788 
7458 764 8359 2719 8107 1738 4939 6697 9397 5802 9224 6822 1133 2825 5928 3556 5963 594 5034 8701 5809 4093 7410 630 3231 2898 4674 4504 4546 660 7292 8357 1424 2003 7428 9531 3741 2368 2581 3139 4522 8157 6313 5655 7334 2241 9211 9649 9187 4245 8350 4996 4691 5760 1978 4274 5010 3004 8778 5909 3664 6070 618 1440 8074 8046 7324 8167 6766 6257 7658 1289 4414 3971 3296 1748 6212 8860 1398 5400 3105 6100 6748 4148 1861 5079 8422 3223 8083 3552 9132 8100 5975 6102 5892 401 501 3216 8568 3619 
9473 6227 4908 239 198 4557 8340 2763 3417 6090 4515 2874 2190 7615 7023 403 2694 1797 3627 7130 1702 9111 1582 7677 5214 7474 8078 2067 691 6646 5686 6516 9225 6947 6756 9424 1504 1448 8539 4921 7538 3054 7795 9728 669 1170 6484 9716 9320 111 6846 1022 5574 8428 5051 7140 5902 3129 9207 2945 6127 4894 9462 1705 1841 2570 1129 3345 4018 9668 4618 7908 9074 8765 3988 6095 9936 472 5811 5608 6935 9009 6630 2510 3789 8033 9650 9692 7514 8858 8989 3641 104 8451 1698 1945 7373 2827 1642 7743 
8847 6260 5651 4273 5025 9640 369 1313 6464 2532 6921 3400 1542 9903 2262 5331 7936 8264 1375 5450 3474 365 5444 3578 5168 7142 5523 8894 6322 7165 6637 1521 9777 8641 2147 4803 4633 2516 2468 1097 1400 9390 849 9294 5645 3111 4626 9934 1376 2353 1736 4850 9070 3532 4781 591 7027 6656 9485 3349 3822 2474 1222 9951 1115 3369 1106 5748 2237 3575 3198 3638 9317 4047 2932 4962 3511 3910 4896 4887 2616 2985 6089 8038 6517 870 8629 3544 7527 4466 6893 7701 6941 4468 4004 8056 4189 5111 157 6427 
8686 3355 6417 8003 3754 5701 9317 7265 5964 566 8504 4932 3551 4594 2970 68 1816 1600 3613 5695 2418 6858 9748 9359 1326 3753 3768 1868 8864 3925 8295 3902 3632 1064 1905 7386 6765 7574 4652 9081 8140 3156 4013 1691 4102 6984 1760 2271 4936 1725 7966 7354 8583 7715 6714 6262 7820 6834 8130 3036 7111 2777 6938 743 3841 5195 4481 6958 2769 9133 6040 910 8642 53 8953 2744 3389 713 1367 8325 2438 9334 5680 7374 3401 8746 3636 7573 5580 8118 609 9043 895 3899 9786 1088 9094 4267 8046 8215 
9753 4086 5477 8395 492 4431 7491 3881 1496 8859 2207 287 4545 4239 7661 4298 9337 7649 1871 1269 2119 2480 312 3014 6379 98 454 1825 717 8500 6392 470 8939 1870 5217 9431 6301 9061 9664 4149 4272 8223 4436 8817 8814 2097 3115 8151 6098 1338 9420 8217 3818 6084 7583 6549 2534 8037 4726 3252 2890 1118 74 1829 9340 1644 7612 5641 705 3628 9791 1329 1852 579 146 666 9029 9613 5170 5127 7303 942 9697 7473 7027 7280 4022 9561 1670 5100 9165 4560 2570 5592 2741 1911 7236 353 3904 4293 
333 47 5622 2185 627 2120 9204 9656 8085 4374 4783 5388 5316 832 2861 8695 8113 3235 8257 6135 8335 3774 7047 905 9366 9788 9168 6602 6493 3073 7247 6826 3120 2869 5364 99 4989 4568 9755 3074 5294 891 8462 6962 1723 1323 5658 6188 4558 267 2323 9245 393 9370 6503 9760 5510 5671 2714 2003 5096 9962 5182 4569 2831 546 4668 4173 1466 4424 7247 3112 1667 2062 74 3390 9737 2084 9579 4296 8703 8254 9893 9097 3977 6396 5209 9487 2068 4275 7843 3516 4237 3025 8085 3421 9923 2754 7594 1389 
3530 1193 4501 5197 9607 927 4939 9345 9364 870 9993 4419 9125 9886 9868 9454 6283 5077 8941 4703 9353 6784 8219 9942 6161 2657 9715 6084 5411 3661 7473 5293 1207 8326 490 814 5606 1781 159 4970 2652 6504 9389 1777 6391 9258 1231 9026 687 6524 3729 6392 9661 8300 2687 5822 957 2402 8259 2720 6064 2084 8013 7271 6763 4855 4437 2369 6637 949 7339 9289 7453 3080 7418 3844 8690 5001 2870 5730 1525 2951 2122 7538 1252 1161 9713 8561 3564 7972 1282 5980 56 5647 9603 6819 503 4040 9188 7140 
1341 2879 2781 8795 2312 199 8991 1002 5200 8214 3084 3077 1165 5207 616 8769 2720 329 3683 2636 8301 4965 8616 4709 612 4571 1529 7467 4964 7069 959 6305 6301 3740 1452 4965 3939 444 5967 5491 8658 5404 8569 9823 611 9185 4945 9683 9514 8628 2320 4167 9945 7288 8876 6909 8212 6757 4377 3176 179 5336 5833 6480 5429 7286 7797 5720 7730 116 1212 6388 5520 9781 2563 2483 5318 7508 2167 4832 6136 4487 5351 6081 8127 4227 2991 6339 985 3720 9515 1164 5408 1701 3996 837 8987 1793 6558 6717 
1909 4122 9457 3782 255 2020 6265 5573 5881 8432 6757 8369 9271 2108 803 7399 6335 3794 3738 3672 3866 9606 1188 9274 1307 1536 6464 6646 9681 3022 3363 7943 3496 9172 1725 3751 1192 7990 5676 3425 6423 2433 1795 2046 893 2598 9445 3580 2744 9536 7253 6610 9142 4793 2236 6801 6330 8700 3447 6011 8074 6810 306 1570 2334 2031 5321 9878 22 997 3304 2797 9782 5099 4843 675 7697 641 608 441 177 7861 3403 9319 9006 5639 6120 5336 4340 9567 7700 8766 2729 4358 337 5063 6390 2010 4941 2764 
9360 8245 1913 9142 9696 3108 6170 7393 3749 6778 4186 3926 991 7589 9597 9997 3229 5717 1686 3921 1636 5738 2687 717 96 9376 2132 2838 7739 7074 1954 7099 1671 3867 2593 1368 6976 5115 5113 725 8245 9300 1004 9236 6889 601 5586 6470 2671 3624 6743 659 5714 5783 1377 2162 1511 9861 5001 9250 6935 6955 2701 4959 823 5295 2679 4151 6762 7792 1228 5008 3444 2232 596 6686 9186 2534 9508 8209 6158 6252 8868 8224 8387 6597 387 9898 6459 5388 9149 9746 8695 1850 1057 9518 3497 3736 21 6612 
7881 1250 1620 7677 9834 8568 4363 9020 1103 3872 7229 3613 6476 2450 1838 4863 9047 2225 1113 1858 3965 6614 1605 2660 4817 2662 8531 8314 2751 8552 1278 6984 6154 2898 4661 5989 7819 9025 1361 8922 9249 4943 2535 2077 7393 725 3292 2792 9302 4405 1003 3267 1020 2608 5928 5837 1622 811 503 725 5715 1782 7709 1870 1032 2371 4211 8851 7748 5572 4125 6997 515 6661 9074 4260 3738 2366 3405 3041 3123 4408 2660 4143 3368 8588 9980 1342 5751 6836 2068 1467 8618 9777 3337 6002 8500 3900 4854 6248 
9472 8979 3245 6340 1992 8671 600 2083 7389 357 5124 513 4765 7784 1008 4485 2725 7341 5828 4828 4177 7896 6295 9147 4025 5984 5149 2526 9884 6355 5126 5709 5335 4724 2049 3679 3395 9001 5762 7137 9359 7238 7650 476 1375 8658 4962 4100 2351 7142 8928 6528 1390 1576 5675 5415 3912 7177 4293 3797 3532 9420 9506 5219 4144 7907 5251 3891 3260 1013 1028 8971 8252 5030 9448 9627 41 762 79 2392 7904 5359 5273 9294 3287 948 1061 7200 4477 1707 997 8010 7479 6855 9581 7975 1114 4832 1866 4374 
2198 9247 3346 6802 629 9146 2781 7022 6260 2860 9415 516 4571 4688 6162 7859 1988 7223 5059 2818 5282 2408 7180 2761 5615 6761 736 6729 7946 2603 1103 144 8202 801 6946 8831 6299 6079 2206 2559 8939 1621 3075 9862 2661 9237 4073 1001 2813 9132 3819 8095 7892 7351 857 3507 4113 7945 236 8411 6900 7692 8555 5102 4845 1853 286 7497 7932 2492 56 3223 465 9484 9437 9478 5073 3511 479 4238 2643 651 8686 6888 8002 9543 395 8467 3840 6984 6878 741 4676 1785 2195 5873 9990 2481 3370 7922 
1325 9779 7497 8142 9263 6935 7620 688 446 4452 1279 9441 5103 9965 6329 9457 9508 3077 4277 9700 61 1155 441 1089 9293 2637 6962 9283 1470 333 3558 2796 6464 1055 938 2079 7990 4911 2767 4788 9363 4046 4230 818 4011 6911 6627 9871 9988 904 9572 6401 8412 6365 7490 7705 9002 4453 6988 473 1138 6898 9621 7602 7954 6911 6033 2296 8174 8800 7085 7537 9199 7667 4707 9562 930 1335 5786 7271 8591 1710 3672 7003 8075 1163 1060 3430 1968 4401 255 3106 1299 6228 7060 9253 3139 3093 1550 1314 
8245 4987 5203 3796 9006 6263 9711 9936 7598 5497 7207 2541 3559 7232 9545 7986 8395 605 1416 363 5006 8023 9821 6306 4251 6881 1911 3743 6326 9813 5057 923 1152 6612 4720 158 2875 4431 6447 6825 6280  6 5719 9839 7238 5264 7825 5633 2221 9242 2348 3580 7265 2169 6238 1517 5402 4501 1612 1728 4315 3021 9004 5467 9633 3724 1978 8861 8155 8425 2038 4435 4783 7757 4274 2022 9373 8451 4007 7947 7693 2708 1527 1311 1229 4117 9180 6632 8618 792 4712 9285 3813 3716 4753 9798 7440 3083 5011 1947 
1508 7050 2734 2643 1159 3360 1017 533 1812 1377 8480 5857 4085 6359 3520 5314 476 2700 1946 5446 9844 3011 4732  9 6727 5837 9808 520 8920 4819 8819 6780 8221 1554 9423 9381 1266 441 9914 3078 1818 4746 5288 2255 7457 8808 7569 4285 7861 5868 9731 7705 8879 815 4067 1958 6652 3875 8830 5572 5046 7650 2352 3268 5556 8128 9001 3174 8569 5267 2605 6739 13 7893 8994 7470 3053 6563 8107 914 8783 7838 4972 7662 8654 9039 5973 1658 9266 4803 7231 664 8805 5935 3932 713 415 2933 3888 8984 
8200 6493 2075 4565 738 1069 8387 3791 3985 6494 4706 9120 685 6030 3135 5691 5069 9108 7349 687 263 932 1351 5421 3220 1636 6134 3635 921 22 8972 5474 2867 1047 39 3605 8469 4779 7397 8806 1273 8455 7926 8310 4485 1061 4001 9554 169 7703 6593 6785 4987 7944 2206 8207 9580 8340 8195 502 4715 7167 5976 7582 8214 2367 1188 3035 7146 4937 1841 4772 3392 6120 9434 7877 7181 9788 3783 3703 7491 376 488 2478 4672 9046 7038 4253 7386 5233 1107 8453 2400 3435 6036 6966 5802 3576 6354 9301 
8513 4547 425 8257 667 6211 6134 7849 5999 9917 7904 9842 6645 4744 2321 1317 3790 5711 1922 1176 944 3029 5982 9696 2816 2018 3014 8619 1946 9368 4272 6811 3916 1049 5068 935 7260 7554 8784 9612 3823 3040 9454 468 7784 1775 8137 1574 3838 60 9103 1134 3089 5085 830 5906 3455 197 877 1753 9565 1501 8564 9833 8902 9984 769 2514 7538 5905 2126 1361 8946 1581 1829 3082 9708 6318 4657 3547 6378 112 4681 5820 5197 1864 8078 5004 2061 5307 6757 7978 3160 5321 4164 2062 5305 1285 4576 2843 
7190 3055 556 2488 4636 8737 5571 4344 5055 6580 4243 1434 6692 5277 7254 1889 3493 1684 6893 5554 6991 3650 9884 151 5323 400 2213 6980 1685 3141 9823 8876 6196 6731 7716 7184 5468 3287 1529 523 6219 2124 8309 2911 7401 1915 1152 894 3599 8045 2800 590 8047 9037 7093 9722 9437 9306 6702 1123 8800 2877 6351 1348 9608 4067 8533 5076 3707 6414 1952 6278 8538 6613 9190 2292 8529 342 9538 2128 4740 8691 9071 9139 4080 6164 8862 3517 1823 5564 992 623 8442 3695 8323 4402 4115 6856 5831 4174 
9622 7783 452 8161 748 9642 6805 9277 6337 2695 7758 1077 7738 6829 216 1818 9345 9078 1688 1168 995 9032 8143 5789 2728 6467 191 6843 9675 6022 1017 9298 157 1469 3811 906 1112 6968 183 3801 9663 4293 4878 3754 1122 1446 5572 468 6877 3612 7988 7872 2645 6132 3661 5373 8951 3852 2216 8626 6227 3233 4276 6384 1054 8087 7290 8518 1407 3826 2319 7423 4471 7197 1177 5594 8644 3101 2414 5521 6714 402 9745 5711 2886 3406 1084 1837 3610 9652 6816 9837 9237 1092 2574 291 5532 9864 8810 3291 
42 1129 714 4514 4679 1891 6460 9675 1345 5226 1548 8059 1980 1293 3770 4867 1051 1206 3056 4661 858 6224 851 95 3669 3425 6738 9201 9641 5548 8844 6036 3030 9559 6902 4061 7802 9714 3736 9147 4940 5284 7206 6920 2929 7328 8139 332 8534 1196 4993 5744 7420 2196 2191 1089 1973 8930 6642 1615 4478 5487 4003 3860 5046 905 7921 9200 619 8009 8348 5559 9645 1906 8831 8926 9235 6971 9258 4121 8167 4252 6218 1939 2800 8409 3029 4774 7339 6023 2741 8170 1510 6744 8382 2908 7649 6304 2109 4620 
665 457 179 311 8715 5362 9237 7950 2333 4848 8424 6852 5452 994 8792 8252 9403 8173 3026 6743 4196 2119 1265 2059 8863 9647 4967 6512 2303 3428 1132 9321 237 7663 9632 8953 9378 5221 3255 1711 6421 8031 8564 1873 9025 3708 126 8429 1881 9504 1524 2429 1624 9141 4488 487 8788 5808 3352 7444 9236 836 6765 9474 4852 2749 4779 4230 4322 8034 5941 744 2418 857 2617 1443 917 2743 6224 2798 8600 7748 5228 224 6889 6068 7063 2030 1876 415 9474 1113 1252 6239 6939 2456 5340 8070 6686 9662 
2456 8979 406 4874 6189 3024 6318 7106 2119 8894 6257 719 6643 7837 7295 9884 3905 4359 8266 5782 4774 7740 3247 2378 331 6538 4834 5671 4608 1520 5334 7064 6852 2092 1939 3041 5116 4609 6499 3588 3503 2756 659 6498 593 7955 2735 851 2314 1001 2985 7088 5094 6232 5819 1777 2770 653 7449 3730 8526 9135 794 1730 1227 9085 1123 2696 46 7622 2636 9902 379 3295 6400 7324 1250 5487 4527 3564 2841 7512 7005 4287 96 9176 6064 9218 6181 9865 2948 1059 9000 95 2789 6580 9180 3912 5628 5579 
1535 4616 5481 8266 7911 8233 1942 5514 3721 6470 5430 2914 334 2435 7201 431 7963 3265 9649 4145 9483 8950 5204 8483 9045 7994 1415 4577 8258 3395 156 6145 4363 5637 763 2275 3871 2706 4141 3944 5528 9571 3210 5862 8359 411 2645 6322 28 8647 467 9511 7597 2024 4347 6642 6370 2114 1219 4628 5510 1376 774 9873 3365 1537 8500 3588 595 8993 7532 2475 8565 7094 4690 6924 7505 7335 9598 7534 2334 66 3397 9931 8442 7744 2925 4812 9859 4145 9440 1721 1873 6566 7946 1590 4456 2799 5179 1403 
1792 9063 3879 357 6158 8569 3633 3663 2256 3232 7549 4591 9650 7299 4522 8092 5043 7448 9256 1254 7945 5048 2975 6170 1615 7274 7760 2423 73 2939 3826 1865 2003 4057 8575 4513 2626 8560 4528 4883 1792 8430 5826 7794 5729 348 2238 772 4148 1494 8379 2093 6543 1354 8263 4510 8628 2376 6933 5053 5315 7111 3271 3670 7521 8198 4535 147 6758 9064 1382 8551 7494 7208 2697 3223 3909 4936 347 8057 6430 8726 6503 2973 6433 1118 3835 1413 3494 768 2819 5162 4232 6090 5184 1753 4288 9720 8252 1046 
5136 5987 5949 8982 9547 8647 8557 9808 3583 8904 7866 6365 3983 721 5691 6768 1839 9526 8181 1686 6647 1000 6848 879 3442 8384 8984 7730 4456 3588 5129 9592 5927 1078 8574 1827 9725 7131 1635 9660 2388 5853 2378 2723 6574 8069 9491 4766 7595 4024 6452 4242 5025 9652 1473 4819 8036 6809 2550 8845 398 7679 4789 2677 5109 3364 4504 1187 6847 2492 847 5587 8345 9577 8310 1272 7646 4153 6038 5242 8178 8842 5836 9555 8494 7310 4374 2882 4119 6924 1727 869 955 6517 3547 6065 6233 4403 3604 9432 
6895 4451 1372 1593 4029 9682 9217 8027 188 5255 3269 8366 4097 9106 4273 8943 2768 8647 8177 6887 1924 9905 7757 9231 2774 7656 5296 5359 8411 8900 1143 1659 9704 2515 3252 85 8550 2469 4464 8738 4076 7734 3456 4525 3192 7729 3468 2312 6376 1645 9199 8300 7902 3308 7532 7028 7316 9180 2387 5728 4433 9883 7387 489 2398 6991 6926 948 9460 1390 9686 9888 5476 3142 4413 5020 871 4233 7332 3600 5878 2884 8252 133 2544 2136 7161 9861 1317 5901 1941 2102 5784 9328 8943 4534 2671 5869 5483 8483 
3611 1521 8371 9088 1016 9136 460 8239 3369 7793 8191 5599 7029 6444 5732 5925 8580 9246 2138 6249 1499 4079 8351 3635 9759 7294 8169 2430 9515  4 913 3127 1526 5636 8567 8894 4772 9027 3485 8141 3172 1677 93 201 8121 5825 6127 6701 1423 8265 9303 2922 8697 7654 6557 8456 1301 4727 7239 7168 1083 4504 295 8961 141 8862 7855 1265 4242 1341 9407 7414 9370 5852 7616 7491 1677 95 544 3101 4712 9847 2375 3409 3854 8933 8218 5155 12 5457 8675 1095 9961 8971 57 102 4185 4264 1368 4779 
1957 7127 2194 1327 2979 6162 8818 1008 2609 5715 461 7321 5562 2837 7083 5768 8122 5301 7275 8134 758 5951 9229 719 1274 5638 7174 1811 9903 4894 6591 1860 8373 8785 3188 7704 4947 8358 8712 7556 425 9174 1229 2340 8363 8312 8108 6485 3613 5384 4619 4371 7687 200 1443 8961 5839 4969 772 2094 6215 7363 3954 4588 6148 3494 2292 7447 8205 7356 1355 8630 2882 2585 7322 1245 897 5431 4082 863 7167 5053 5234 4854 5254 3029 167 7445 4350 939 9539 565 8303 9845 1505 803 9692 149 4603 4249 
7506 5958 9231 388 4895 6554 7986 5793 8337 2068 6656 5504 7122 8242 6710 8728 7624 6877 6173 8326 4168 2064 8892 8823 1909 6749 5979 7953 6899 582 2202 4405 6540 1434 1145 1436 7988 9131 3581 2677 7552 6589 4533 4674 4831 1243 3402 8807 4472 5927 7134 4992 7991 2378 3816 6252 9127 6147 558 6026 6729 2760 6783 9621 546 7929 7409 4886 3412 7342 7563 964 3931 2096 1990 5115 9691 1744 3922 515 7671 7408 5508 2014 9786 5676 4619 5266 1823 5177 1292 4904 7937 4428 4525 4836 8709 8287 9722 2121 
5629 7286 9438 9561 5734 1428 4676 5426 3173 4950 2293 844 2359 4153 9211 8497 9829 3830 3763 8004 9007 1408 2908 3296 2188 3786 8132 897 2073 4207 3018 7702 7845 2456 3615 3579 3885 4643 5357 3410 9594 7651 606 8305 8156 9817 3154 7986 3647 6918 2342 9006 4678 1603 8655 6866 1741 6787 7763 3814 7346 7133 7868 5191 9590 1484 8771 9827 6127 480 9589 2073 8131 195 6730 6288 6365 9885 626 6364 6803 9320 5371 7833 7275 4026 4699 9016 7165 8814 9182 864 5947 3403 6055 1889 4887 1178 8068 7366 
1659 7657 5792 6142 4205 2522 8782 570 2407 5760 6934 5562 5081 8657 3395 8708 9035 8094 7725 2553 6908 6907 3417 9208 310 9472 1097 1549 651 9166 5268 2310 6823 1060 4804 1028 9934 3587 7950 2342 9347 4885 7904 780 9894 7652 9489 8930 5746 7214 7835 9007 473 1252 8215 7136 7076 5664 5037 7727 4830 305 6389 8006 7717 7546 5386 7652 1133 3337 6346 480 4574 4250 1261 4468 8254 750 9750 4001 4316 7585 9360 4789 8837 3927 8277 2266 9591 3315 6345 774 9972 2735 8780 4042 281 4166 8046 7766 
7503 4392 8246 8429 4994 5859 2898 3249 2961 2648 3602 7277 6586 9314 8419 1775 3241 6696 4041 9184 6363 387 9958 6336 9474 8738 6730 6107 9257 4776 3873 3112 5520 8471 1542 514 4331 4440 3763 3644 3440 3717 922 6378 3031 9341 8154 2624 6037 2195 1809 8753 8934 1767 1441 8408 6858 8171 4515 6115 9299 4740 9227 4819 3212 769 5333 3895 1561 5449 7539 1354 9166 4813 7732 8550 4154 5886 1174 6544 4434 2983 5297 3368 1103 6738 1777 7961 1261 2644 428 560 3737 9655 5379 6949 6777 712 7196 4690 
2513 1087 6044 1680 5901 129 6582 55 6015 7756 2951 6801 7092 8248 170 8195 1338 8299 6156 2599 7295 2936 3159 1032 2591 8538 4333 5720 5603 1529 411 8116 8969 2807 6148 4870 2936 2730 1277 5304 6839 581 2105 3931 5181 8627 2126 6520 3278 4634 9119 574 7570 8631 7958 6513 3521 2292 8586 9124 173 5349 3593 9142 8156 6093 364 7445 8824 7994 2749 2015 8575 1206 5946 3756 6186 4424 6628 9464 9058 2100 6390 2980 731 4349 5845 4252 2993 4431 9729 3166 9780 9674 8661 7937 5767 9025 1734 4591 
3371 835 6606 8298 2041 8904 2055 4579 3328 5035 396 2386 7135 6786 1718 7866 7487 7564 8471 480 1995 4552 9999 1776 4226 8660 6065 9993 4037 7799 937 7409 8634 7543 5707 7027 2800 4114 7959 6128 9150 8355 4867 6285 1493 6585 504 5333 501 8975 5813 2497 3527 2164 625 4105 824 6690 4098 4862 841 5035 2271 9475 8931 4330 2854 1731 8445 813 4211 7595 5520 9078 3880 7014 2016 736 2347 2517 9711 4512 1366 9590 6677 1991 3695 3853 8681 4146 8715 5874 9181 7338 1701 4464 1669 4556 2547 114 
1721 6759 4061 7242 2189 4293 4256 4205 5030 2955 3075 1093 3819 4441 7036 496 6433 731 4350 1466 1229 9417 7341 6763 6756 9042 1227 4777 9950 3775 4891 1672 6886 5304 8914 9075 5949 9522 9633 979 2477 2708 2073 2648 7149 5461 3145 3582 6192 3847 1401 3774 9616 8742 537 6372 4136 1764 1149 4087 1891 2392 5759 5129 4048 1025 557 9998 6899 190 977 5728 2898 9402 8376 6399 4863 7873 6334 7408 1720 7735 1182 7689 2829 8071 4061 6965 9835 1563 7404 8079 307 9515 9560 4356 540 117 4354 7439 
307 1683 3167 9557 7438 7896 2309 8653 5769 8643 6061 3842 2730 3595 1531 5559 1666 5592 8876 7854 3507 6281 2285 3815 5796 1845 4523 2689 1963 8877 6480 8622 6912 6000 8180 4350 3896 6841 3004 9665 5484 5417 9859 8214 5365 1390 125 3383 3335 9001 1237 6842 5282 9874 7009 7431 1720 1532 120 3683 6761 2952 8657 3674 8952 3189 4376 9200 30 7380 8866 5514 9150 8725 80 4515 6468 205 4250 9803 9207 5488 2997 841 5362  7 8272 3434 1539 4744 3469 4653 7697 2127 8327 3001 5316 2703 2202 5347 
6436 7420 7213 1938 2497 3646 2805 8965 203 7055 8768 5762 8895 1766 6604 4258 8125 1228 4044 6016 2325 7514 669 22 9641 5348 9375 1309 8052 1577 6656 840 8997 222 2778 7847 3868 1935 6812 4071 8990 5581 9834 7886 3699 2790 8496 1824 4018 2540 7840 6343 54 4862 2717 9695 210 8445 1005 4614 22 4013 5454 5372 587 4584 9571 807 6519 6383 4879 1862 8316 1065 9748 2015 207 8244 191 577 7136 4384 3273 7191 9246 2342 3238 9456 787 595 423 7162 961 5877 8886 1548 6814 8457 2356 3333 
4840 3587 5195 3157 1004 1295 1524 1211 5891 8068 8140 3028 2452 1413 6571 8050 3756 9809 3858 4543 6757 4281 1705 7718 6511 591 5618 3325 5400 4326 3010 241 7913 4558 9750 5269 5853 7626 2832 8097 5694 973 1125 4498 2386 7696 8900 2494 3857 2759 7038 614 3392 5095 4684 9903 2039 303 3228 7439 4629 2591 4032 8895 7149 3782 516 9354 1409 3349 7451 3455 674 4928 7954 3060 8976 6854 5555 2834 5965 8945 9800 9358 4040 837 9261 2431 7492 8842 9871 8473 1433 255 7368 4934 4038 4237 4288 1799 
7586 8092 5254 8260 3020 9560 7672 1997 2767 9579 1183 8732 8524 7335 4442 8917 4524 56 7700 2016 5250 7571 490 6683 7827 4210 7969 8217 8447 2257 6368 2385 349 7974 645 9722 3887 4670 1719 6654 4249 9254 1738 9126 6589 6181 4395 7466 2589 2095 9482 7839 6019 6324 874 198 535 8843 4767 5334 7452 1135 7720 4154 9109 4717 3876 2996 9387 1947 6002 9989 1201 7741 5467 4142 274 9862 1608 9215 8309 7443 7054 680 3767 4280 878 4302 3123 5645 9637 6927 3132 7357 1081 2242 8426 4957 1590 7814 
3256 7593 4155 4457 1686 9622 4952 8312 5836 6560 7527 4145 4003 4581 4826 7771 8861 2056 8425 8336 7702 8062 5263 834 1771 2697 9428 198 4006 7371 4364 7263 1316 8519 1720 3002 4493 6672 1314 329 9585 5193 4474 9940 9774 5652 7711 4987 7709 2489 9675 5411 6903 1290 2597 8675 3987 8378 5225 7994 5749 5941 1609 3417 812 9681 6419 5305 2706 4085 5634 2291 9278 6460 2231 5404 2113 6295 6743 9822 5136 6418 1585 2039 4060 534 714 8048 5264 2291 2394 7365 4584 4003 782 5396 3684 7201 701 6390 
7638 2687 5033 6916 9148 3617 8672 1261 6264 5415 7435 1400 8185 9020 3439 2246 5906 506 6646 1171 9149 9040 8536 3734 9395 9319 9130 9431 2872 9832 2174 511 2519 3559 3779 8019 7176 2452 9280 9792 4219 6715 1192 2405 2087 984 4651 7994 1490 7649 9165 6991 3041 4053 725 2436 3372 9856 8219 6245 6040 393 3108 4911 3953 6887 2931 7481 9339 8563 7274 3559 1631 4818 5964 3718 5802 6967 8064 3644 968 3581 636 4009 7635 7713 6445 1007 7569 4664 3604 9961 1410 6712 4873 1715 3600 7804 9196 9291 
2719 2822 2850 4350 7641 5166 8069 9795 8485 2485 9792 9453 6067 6780 3462 3702 4493 6259 1061 8415 7276 4666 8376 8686 1378 3249 6753 1330 7405 5949 622 6477 5124 3472 827 2765 4991 5248 8912 3476 7734 5056 9282 3801 1836 2744 3855 2682 5356 4916 1097 2632 9582 9473 7670 7313 9075 4423 4995 2832 6724 5617 9309 1848 5442 6489 965 6785 1737 9878 261 9471 1286 5895 9624 3123 8640 3479 5805 348 8396 3254 2980 4330 9079 7002 7995 8154 1425 2991 7339 8149 4960 3000 9998 402 9489 963 7187 1227 
7193 3801 7050 8480 9696 6675 7955 4688 6506 112 1388 4902 3366 4368 5585 2445 1370 3580 6952 9147 6571 643 7297 1532 3643 7295 8286 3133 4610 1826 712 8156 1979 7762 6636 8027 789 4591 9068 7296 1055 456 8550 773 4825 4135 3218 2547 4068 6522 1695 639 7165 5344 8523 7161 8991 3162 6646 3601 4988 7358 1757 6967 1472 4745 4994 8614 5688 4062 2262 6743 4519 812 7516 5696 1300 7087 4595 5368 9961 2642 2359 3479 7986 883 640 6977 4045 7286 6931 5385 996 8688 2352 8820 9786 3698 7434 5474 
4113 9696 8570 4984 6861 6086 7032 8161 9525 1627 9881 9487 4270 2240 9318 2256 9475 9958 5586 9872 3596 2517 5257 944 7557 3961 9764 7343 4012 3551 2818 8125 3247 1388 9461 6460 3826 6493 4621 3352 4472 854 9191 8742 3095 8509 7351 8922 4819 2937 8795 4767 1806 404 5711 9363 718 1827 6707 4730 5378 9525 9207 4978 7265 8668 1438 1091 1513 2412 795 5985 3266 9986 4728 2713 8495 8431 1636 9666 7720 6783 4433 9526 7187 144 5241 7905 8324 1948 8987 54 7825 8194 5032 5090 6862 2823 2534 8375 
1587 3329 713 4853 3316 1793 3919 8163 224 5555 7830 4296 8690 2263 174 2229 8760 5415 135 7084 7364 5474 3490 5189 3669 8523 6632 6883 7698 9166 1611 9285 2495 2324 490 5811 4117 4409 327 693 6316 8157 4989 5006 6772 1515 7236 5532 6930 3723 8968 646 9197 2459 5836 9218 7334 8820 6102 5032 7986 4065 669 6833 2741 1159 8997 6858 5569 9324 3903 1885 3833 5244 6892 605 6759 480 2490 3689 4203 1458 4336 9752 269 6524 8971 3955 1696 1425 5339 9682 5490 6008 2867 8231 7168 1864 1441 9089 
7540 1696 974 1373 6940 4218 1979 3699 4698 4469 3740 5253 2279 4428 5006 8901 952 3977 2856 2648 5402 8196 8682 7244 556 1550 1827 4076 9766 9620 3165 7307 1316 492 8680 8256 4710 7011 8307 5761 1480 8399 1014 112 2828 6020 9013 3780 6349 1869 2781 8103 6417 7815 5347 6974 5717 3526 7402 5484 3146 568 9143 814 1060 4175 5422 2122 7539 81 4235 9019 8481 5250 5483 1309 7622 4496 1441 3972 6366 574 2075 9135 8390 3775 2461 4107 3653 9864 5943 3152 432 1438 3966 7844 1966 9389 6318 9505 
9470 554 4876 7951 2156 360 5612 9778 4856 7054 102 7574 3980 8530 3062 2370 8657 5523 2830 2310 5387 5125 5462 5819 6564 5781 15 8530 5170 2686 4387 992 3240 9263 5296 1748 9623 908 7878 832 4314 7981 4758 8295 2863 7820 7017 1520 3344 6199 182 8731 1325 1997 903 4241 7778 918 9123 2948 9956 3510 292 3196 2773 5588 1296 8749 2849 9175 9581 7163 7156 4339 1810 6371 2160 8828 7891 5504 1379 4425 587 2704 6422 1490 6945 4200 8761 6068 3500 8717 5930 3793 8266 8704 5733 9562 3805 8582 
8737 3386 5746 2245 4077 3908 4968 2589 9088 2859 8093 468 3637 5033 3172 59 6523 6470 4260 1636 8890 4112 354 4821 4257 4972 9877 9991 4534 3682 8573 9624 7068 671 8221 7497 4580 3190 87 3668 2401 4532 488 6038 9565 13 2450 2441 6483 3062 4077 5373 7174 783 6546 1432 5755 6423 1423 6642 105 6348 2618 3525 7020 839 1023 1600 381 1110 1620 9135 5642 8461 5173 5208 8474 7623 7649 4957 7037 8078 6682 4212 8862 3229 1996 4617 6004 9771 7611 6110 6119 229 9635 3139 7421 658 1091 4154 
8120 2712 3289 3763 1173 4815 5323 5999 2438 2972 956 5828 1050 3990 40 6264 3571 2036 7234 9576 1807 4845 2038 4278 1427 1673 7418 5200 8684 8509 9354 6804 7573 2644 6919 5098 7459 2242 1097 6249 1566 8405 2077 8969 2396 8469 5233 5967 6857 2467 1895 5016 3665 3933 9295 1444 1959 6713 6644 643 1574 2350 3799 9148 1346 719 598 8805 9313 1696 1407 880 101 9836 6201 8849 4658 1434 4817 1515 254 3064 6532 271 6998 2179 1715 8957 5244 4711 5952 6818 7061 9751 2318 8408 6822 2917 3565 2488 
4613 1324 9720 1066 1161 5921 9916 5819 3707 1085 3686 313 4149 6570 584 7499 8749 2299 2808 3993 3362 8760 7164 424 4864 5834 8832 8038 8751 8749 526 9716 74 246 7135 1235 2519 7051 3406 6227 4488 7092 6540 8637 3663 3477 2489 8764 2128 5297 9110 5491 4058 6274 5915 5274 8460 1099 3312 3564 9848 3839 9632 9922 437 6767 7509 9309 170 915 5536 4658 4360 8428 9648 8023 1905 2137 6787 4034 7434 5897 5877 7844 8523 1792 3118 6984 9243 2783 6900 5443 2974 6532 5366 9763 3300 9227 9072 3470 
18108
