100
4760 6362 1946 9847 7012 9407 2209 9899 6415 9633 2440 1927 9145 9078 4945 3166 2705 6962 8258 3527 6654 4690 2922 635 1501 3681 3400 22 7949 5815 3288 2710 8530 5235 8909 1894 994 7470 1793 7409 7103 4233 5689 6248 9664 6986 5767 2369 3948 377 5896 602 5067 5171 7589 2920 8852 990 9295 6802 3157 2583 5864 8039 4170 4773 9934 5165 2243 1727 8926 5698 2313 4615 8299 1977 1601 418 698 1901 7147 2946 2504 8567 8117 93 1487 6970 7435 782 124 593 3366 5988 8632 7536 7113 4918 9053 5708 
2998 7980 1406 5311 8947 6057 3640 6901 2827 4338 8802 9975 7284 1306 8542 5402 1400 29 8724 8835 7164 8848 5780 6882 4836 765 4418 8301 5683 9824 4009 8681 7804 1767 344 6751 4177 336 3652 7004 1026 2455 6979 8311 113 1873 65 7865 8255 5141 3053 5419 3989 8833 2301 5177 5950 3071 3478 1634 2895 3839 6667 7051 5606 7012 155 6135 3700 3807 3140 4727 2614 6471 9390 9080 8345 5807 6945 2952 948 9998 8371 1289 5184 7024 6466 1134 95 6296 9120 9343 135 5788 6394 2093 9152 6549 8229 2852 
6709 7721 7579 5675 4192 3321 1107 8889 9128 8053 1841 76 4403 6564 1365 5939 3588 4183 7074 3684 479 6194 9379 6966 8334 5773 9060 3838 8675 3641 6691 1736 1362 622 3763 1906 296 4871 796 9424 2924 8989 5853 3679 5554 3570 9619 9142 7754 3045 9178 4585 5591 8557 1552 3926 683 6964 4116 5710 6957 7159 3798 8319 7782 7561 225 4430 2432 7373 3854 1708 6363 6059 1740 1917 9630 1359 7411 3736 4404 6590 8321 6347 1499 6225 6625 8534 9541 742 4244 6498 7901 8042 1169 2035 1956 1395 6465 4388 
5120 6672 2449 1483 2731 4189 3400 2361 1900 812 2449 2656 3754 771 9003 5253 3348 5629 3788 9242 6371 4384 5740 624 8779 3262 2660 735 1009 9125 1475 6129 5797 276 7613 4881 817 7365 7242 2717 8177 9692 5373 1931 6815 729 3537 6515 2710 3677 5757 5433 4413 7850 6057 3192 1112 8717 279 2121 4195 1755 8250 6344 8383 5863 1225 9201 3229 4820 1918 7758 864 3644 6042 4031 4373 5931 546 7083 9608 2656 2516 4021 506 4925 3566 1618 3643 3845 91 4190 1952 8341 6886 336 557 4464 5889 138 
9284 7807 7896 6500 7803 290 531 2176 6221 7429 5611 2181 85 4479 2555 591 9405 6121 8561 9400 6318 8652 9942 4623 3346 6828 1311 3903 1292 7200 4041 6928 5007 8289 9780 9163 4932 311 7691 1153 4093 3303 9687 4178 4134 2242 1122 9891 4715 6035 9291 7385 4688 9233 2008 8034 2414 3319 8289 3706 519 8682 6987 1879 6971 6767 1042 1903 3431 5085 9409 7524 4740 5448 8054 8875 4042 5528 8766 5109 1564 4410 2494 2604 3643 4503 6990 6057 4174 5279 6116 1046 3961 9455 9277 7284 6222 319 5540 9653 
1756 1301 3529 6497 6749 1584 5372 791 7112 490 5900 5028 4900 4746 3984 8544 5601 974 953 9776 2605 3421 822 2918 2876 99 203 5451 6770 2095 5104 4878 3396 8634 1375 6497 6570 6747 7288 34 7238 9540 1415 2138 638 5399 7034 6240 6374 4340 6016 8979 4113 3190 1898 3342 9641 8453 8793 2763 548 3897 7641 3944 8883 9017 6793 1805 2116 4081 1840 5706 9973 3255 4197 611 8654 7583 6851 1380 1923 9219 6712 2389 8761 8610 5731 4754 3415 4524 7517 3963 8421 1511 4259 3657 528 1052 5462 8996 
1485 3654 4703 7810 3261 8900 4773 1916 6483 7977 9648 4759 7196 6360 7148 2310 1322 2879 7064 1089 3755 934 1404 2176 2445 5663 2185 9325 3067 7648 8321 904 7654 9376 8714 916 4628 9840 9184 7464 7817 8832 2223 1365 1545 5723 3675 9219 4954 740 309 8709 8026 1713 7237 471 3729 9423 9796 3148 3423 4469 4053 1077 3846 9119 1993 8474 8959 1177 5938 6776 6362 4513 8142 4259 6588 8169 3478 1542 5261 3787 251 3287 1853 7489 3758 5582 3264 9906 8730 6687 4376 2783 4116 4574 8255 2462 9400 7214 
9991 1691 343 6353 6204 4837 6964 2793 3006 443 687 8268 582 939 1555 2435 4780 1666 8017 8044 1572 6748 1083 2300 5883 1551 6874 4138 4013 2627 7705 4005 4318 4400 6710 6874 9237 3675 6019 8595 470 6707 6863 1052 3998 4771 3488 8778 2789 1505 3174 713 4605 609 3014 6841 2160 6240 7331 6174 8867 1388 6531 3185 5788 9593 6412 1377 9620 2431 9973 90 5490 3188 1143 9488 4311 4631 4618 7100 2488 4144 7814 3446 4753 7180 6639 3266 3420 3970 5792 2288 5359 8675 1825 7499 8268 4589 8877 7889 
3373 8850 7979 8863 8390 9122 4704 2702 105 5674 9802 8946 9819 3968 2392 924 1148 9031 542 4569 9353 6334 3209 1064 5009 1386 8564 9630 2328 3793 7519 5701 2643 5498 916 7385 973 5620 87 7430 1295 9890 6376 7466 210 5120 4742 1359 4151 1637 2280 9857 4323 1841 921 5685 9579 9485 5315 1907 3278 2834 3960 2273 4684 4877 9659 2009 497 9746 9440 8144 5988 2168 1962 2551 7289 3057 3910 7792 4694 2542 7649 9017 4383 8571 4702 314 8056 6369 2222 7687 9203 6182 6312 240 1059 5971 2249 7909 
2070 8041 2405 4410 210 4368 6961 3851 3777 7223 1643 4823 9765 9293 3840 500 7864 4895 815 2272 1264 3037 9959 6820 5571 2624 7060 2983 4947 5661 7244 3369 55 9649 7780 265 369 1093 4116 4146 4669 2111 8969 4434 1404 9162 4935 9268 409 2102 7893 1673 5139 7852 4845 7062 6828 8257 45 1776 3919 3641 5145 326 3291 9277 6943 3660 371 7411 4159 5040 9522 3128 5826 927 2290 7113 6547 2699 9215 4440 725 706 8645 5570 7769 5473 180 4166 7249 4099 7808 2395 777 1099 1672 7720 1111 8395 
5131 5270 3435 4653 4751 5614 1932 7041 2727 8480 6093 1943 2920 3170 2649 1565 5092 6770 7039 5272 937 4288 5723 5097 3035 6500 2548 4708 572 3659 3103 5703 5282 2891 6709 33 8505 8641 3426 7584 7121 5871 9527 6394 9041 8529 7959 486 5299 1350 2110 2588 1991 7834 7685 5026 686 233 6086 7611 245 5542 3314 5527 8433 23 5560 3290 5017 8986 874 2138 4858 6754 8532 251 1635 2844 737 6934 4194 2848 5875 6185 7034 3560 7564 4072 146 3650 1683 391 9192 1350 2270 3977 7725 4182 7267 2742 
3168 4494 1233 4378 7600 9765 4630 9235 2609 1719 2521 3156 919 8396 5693 4305 8309 3257 4730 8455 6908 2765 5198 2452 4115 3820 6430 1841 8002 3697 935 7522 4543 2168 1901 2143 1934 2883 1378 895 954 252 403 1874 8648 6097 2531 6957 9354 7261 1764 2614 27 6962 5067 494 782 1497 8687 5136 1546 9623 2659 6090 1791 4560 8233 77 3795 5964 7325 4749 6216 7728 2975 1216 177 5507 8174 9532 2768 9938 2146 9147 3253 7213 9642 387 5062 8329 5524 6609 7952 4535 2699 6096 5447 7284 2525 9242 
9600 6202 3991 2168 3931 3319 3385 4108 8826 7911 9992 7946 4201 8491 7094 3806 2056 3088 546 7119 1417 6070 3728 5722 6957 2779 8170 2404 6415 695 1646 2368 6898 1989 888 7181 5308 4273 7641 486 8536 3986 8433 9090 2477 1879 2896 4533 4967 3442 8004 6384 5864 1732 8458 2821 863 6628 1577 3631 3676 3223 5999 6926 1565 6887 4107 6873 7513 8100 7360 2401 2086 2145 1491 915 4024 740 1801 8991 534 9805 1727 6399 7890 186 5572 5105 3166 7150 8736 6842 6725 1087 3768 8290 7975 4227 1516 1840 
8680 5228 4241 7118 7373 2085 8034 7749 2825 6187 6740 3359 5992 8467 6110 3882 5005 1683 8988 8172 5185 4076 1366 1910 5164 5135 201 3139 5714 8069 1331 4394 3297 5572 7865 7022 7657 2251 4771 6834 8438 1511 6546 4430 6330 2656 4665 7688 691  5 5860 5876 4081 7226 7787 9245 8713 4340 8736 4428 8761 67 5174 2058 5640 3039 5432 9649 1642 203 2836 80 8066 9382 4511 748 8390 5528 8436 9082 5533 4296 4958 9614 7875 9097 8860 6588 9789 7596 7368 8550 7664 8895 6960 9656 8286 2392 5657 9929 
2595 4845  9 7013 4227 4520 7762 2618 6400 6198 1700 1933 6847 3010 1548 4722 8460 408 7662 8249 4356 1383 6800 8372 278 112 8028 8564 2505 38 8493 1452 4883 8503 8466 5463 9375 2580 4433 5776 5130 2485 7709 1977 5495 9257 3051 3955 6017 7066 8557 6726 8449 5357 5098 8727 1821 9479 7291 4326 9517 2137 5779 752 640 597 6215 6367 3177 648 2143 8307 3133 6205 6637 4981 1814 9688 5288 4184 3106 3845 910 1555 5554 6008 282 7376 5487 3926 8054 1356 6063 185 2109 3055 782 4676 9422 311 
1677 7918 4971 1162 475 7960 2495 2289 4000 7784 6473 7107 7981 7383 8662 3536 9744 5297 7264 5231 5575 5318 6588 1638 5504 5049 1045 2638 6077 6819 2950 7754 4737 4273 5269 1564 2233 7764 3854 6233 1900 6679 3340 9882 415 8355 3418 159 3652 682 5390 9227 2352 8330 7217 7856 9731 4614 495 5809 1433 9797 9915 2523 422 1536 4087 2655 5653 4293 5240 7553 973 4933 7435 1388 3288 7205 7899 3292 7887 9641 8871 240 7972 2440 4448 4055 7054 4943 6216 8487 1092 2484 1010 1514 4020 1450 4169 9673 
5743 5762 7227 3068 695 1014 4456 335 8220 8707 9979 2459 8349 8850 2699 6321 1290 3500 6728 8344 4795 2945 3183 5888 1781 546 7402 5801 1996 7924 1827 7739 38 5406 7160 733 6420 7968 7420 4640 6676 7399 7100 5025 2601 6151 7698 243 6003 4426 4939 799 3723 8122 6687 5504 8668 441 7658 7016 8365 9485 1108 8403 4891 8268 5488 7663 6236 2908 2304 2912 6659 5756 7937 9260 8259 5635 9503 4263 6414 4442 5062 137 8917 1749 5642 3937 2190 3300 954 6908 9137 2062 1663 380 330 7152 8043 6566 
6412 347 5831 9424 2455 3768 5036 7067 5756 892 1330 2170 1686 2744 8659 603 845 653 4541 9387 305 1847 6295 9442 3909 4311 9822 591 1463 7866 3509 4227 4565 9340 3651 3373 9461 5040 440 5217 5932 1770 3739 7618 866 2398 8222 1711 3052 9115 1098 3357 962 3746 9152 1223 8057 8974 1814 5872 3192 1675 99 7758 1016 103 1131 477 5143 7923 2046 1075 6045 5785 5045 6911 4535 3267 8622 3939 8734 6072 3649 6048 9818 2801 3623 7875 1775 1789 3747 1320 3465 199 9078 4481 302 6561 1310 1797 
836 3356 9224 6881 5493 4269 3792 6380 3889 8766 320 2623 4838 3969 5024 4657 6770 8647 8884 4897 437 2632 6217 3902 9183 1647 4735 5837 4560 6045 7634 5396 5753 6858 8629 7598 1127 2421 3978 5016 7539 650 3992 2378 4619 9016 3387 7741 4015 2271 8991 4452 1255 1560 4706 438 9560 5793 6275 4120 8190 3909 5869 3943 7119 850 7893 8247 9624 8224 9615 7163 8874 9959 9541 9846 5327 9280 3939 9343 1552 2930 147 2807 4491 1206 3246 4051 6999 9521 4523 5190 9783 6744 5485 6902 3947 3379 1501 3571 
7955 7469 734 6829 7428 6628 3027 2756 5908 6967 8451 3812 6249 8598 6620 740 6156 9866 1143 3156 5739 2019 4698 5522 5115 183 8777 9062 9914 6630 2633 7869 4099 9720 1051 7880 2700 430 636 4960 7397 5439 8773 3647 389 5393 739 6546 1611 8235 9702 7350 6606 752 9225 1721 935 4354 7136 7202 984 9769 1423 5084 5841 8826 2964 4893 9257 9952 9854 3006 5391 4979 3005 5780 6724 3745 2326 8335 8332 8380 2037 4938 5484 7614 6659 6420 1968 3795 9974 2953 9917 1397 4389 2110 224 3705 7004 9481 
3657 3210 2487 5400 8189 1845 7532 4913 1942 6211 9600 274 943 1637 5212 6428 5604 8223 2848 7572 8371 2822 6877 4640 571 1266 3102 795 1323 6458 6628 4980 9668 5468 6732 4209 7313 4265 5474 9255 476 5074 9529 1419 3064 1093 7847 5020 5668 7047 2592 391 6221 5822 1383 3145 3440 4486 3940 4764 944 6921 6096 6965 2389 2829 7526 9702 7094 3001 5309 3922 4427 1190 1693 3843 2283 5893 8863 4303 2940 7808 1047 5514 3630 2430 8659 3422 6916 8951 8186 4213 5872 4283 7530 8261 7112 5056 4315 558 
4409 9624 832 8837 7166 2525 9032 9449 4770 4248 105 4063 2056 1152 9577 2038 9934 4588 1812 3203 3539 9999 7416 5764 634 1298 4025 7746 6354 4693 4656 764 669 1840 5953 7836 717 1337 3637 5488 5585 3742 9551 3993 1246 5480 2383 1181 68 4196 4384 9959 547 8152 5723 1181 9450 6101 5279 2156 794 6287 9272 7815 8127 1577 5651 8844 2915 9289 684 4852 9383 235 5198 6982 5715 3933 4515 2135 8129 8899 2095 5028 3403 7818 6209 9205 3919 7840 1361 1065 4127 634 8881 8606 2211 884 3803 1478 
6525 4487 6331 5909 1075 1529 9243 3142 5462 3758 5278 9944 9009 3725 1324 8764 1543 7534 7969 1815 5374 9330 2880 5854 9964 8113 4460 8528 8998 8263  6 5523 2751 6337 7784 178 4218 3379 3320 6033 7137 8598 2329 2498 8675 3653 1262 219 7539 5583 8386 9266 4914 7618 5120 1230 5732 5932 6110 1082 4196 6117 6605 3299 8806 4390 3477 9377 7769 6797 5410 1259 1748 4091 109 423 7744 7724 6994 1636 3307 5380 902 4573 2999 2374 2156 5083 8306 8266 6165 2502 4383 9122 2153 9542 3512 5630 8919 7634 
8780 681 5245 528 4772 1706 7303 8868 9430 650 504 9090 6030 1406 15 5381 3780 2171 6816 2087 438 2981 941 1173 2104 3095 715 1968 8725 9634 5954 3857 315 7551 737 1439 9258 8041 308 5040 8691 812 4130 1073 8571 498 2807 2351 2669 5975 790 3107 5309 8084 4281 3765 1179 1348 5733 6256 983 8040 114 7650 1943 7203 9090 7553 5244 9398 2594 287 6562 3076 7713 5133 3574 6872 3837 6244 2847 979 5703 8156 9063 6336 1921 6594 7685 4007 9203 5020 8399 5669 2670 342 2872 8112 7896 4469 
3862 6842 1108 425 6270 8821 1910 6197 5693 2099 8793 4893 3079 4496 3049 8494 833 1323 1441 4870 5330 644 9890 81 6313 2560 423 9185 673 4671  6 887 7865 1115 1312 4136 9936 9575 6685 1982 1674 5478 3227 1105 9974 6276 5952 7159 3951 7393 2029 5633 4389 8271 5714 702 7184 2490 6239 4209 3513 6246 5096 1379 7361 2761 1867 3649 2336 8552 1983 4010 4030 5210 1468 356 7839 7420 7516 1790 1165 5897 7424 5554 521 3138 2608 7705 1980 8847 1914 5494 1445 3362 3225 5158 6123 5092 8808 8459 
9996 791 8822 378 6002 290 734 3841 4062 4602 1983 5227 6852 9407 7133 7373 8898 9741 1430 878 4940 9696 2724 2738 3058 5949 7896 9182 7393 6704 3993 7389 3848 2815 7767 9850 9457 4854 43 9871 5808 8378 5098 2660 7786 8583 6385 3036 4676 7815 266 9617 3863 2991 2355 6922 8940 251 2456 6334 3308 2801 75 7156 1969 4195 3358 1426 9049 9753 1298 4857 8131 2748 3870 2269 7684 255 5305 2360 4423 1924 1977 8286 4915 684 1560 3855 7288 368 6541 6948 3170 6617 4104 5139 7164 3814 2917 6213 
9919 567 7422 8050 9668 7644 6672 7352 7900 8329 9712 8675 253 8042 6961 5168 5078 4874 5376 2366 5242 8269 9314 4764 4886 9770 6255 2050 9936 9173 4615 9855 6092 8390 4258 5760 6034 7282 9464 286 5611 5529 8961 5865 9923 2275 7385 5001 7149 2761 3720 8743 1031 9386 3508 2269 5509 9763 672 5445 5288 1639 1653 1381 29 2263 3493 2416 9545 2958 2702 1508 4839 8016 7373 4762 291 1111 6115 3792 3872 6187 8887 1255 5574 2395 9877 7435 8511 6901 9232 151 8540 7237 7884 4922 9500 1378 7338 5397 
688 40 6906 5527 8056 631 6641 4699 1742 9108 8491 1967 5296 3731 9574 870 6126 9451 4657 989 6352 3889 7493 1245 1127 5377 6167 6979 6755 3505 2377 3795 9897 9283 5674 4306 6266 8667 5357 8009 7776 201 6328 3072 3932 5902 294 6410 1706 4951 7400 4410 5192 4893 5655 2671 6622 1822 9651 9730 1679 2028 3525 7929 7663 5552 8587 3929 4219 3944 8290 1995 4145 4618 1419 8077 6873 1713 4488 8579 3016 8240 2989 4561 9485 8645 7232 6107 6819 6883 5837 4851 5263 5715 9132 2926 1267 7719 3208 1838 
1663 7850 186 2161 8821 1605 238 5694 9671 1078 625 9039 5670 3614 3600 5155 8611 833 1263 1783 7716 3452 6634 9332 9167 2118 8610 6786 9837 1818 8625 7852 6021 5163 13 4842 3120 6604 6888 2791 4034 7513 8183 9705 7479 1783 4860 6091 8968 2475 4226 3037 2280 860 2369 7799 9330 979 4586 9167 9150 9563 3371 5171 4726 9737 6365 7846 2693 3253 6990 6727 7118 5173 2784 4597 3308 3997 7040 2277 2824 1266 1666 5104 8478 4035 2904 7808 1366 3842 3327 516 3405 6699 2039 4483 6436 8404 8681 5481 
8009 2023 2208 5127 7196 1345 6077 6857 5342 3117 5486 8166 4384 7152 3271 2862 7539 2527 671 8905 6369 3998 5774 6126 7049 7813 609 9837 6218 5642 5318 579 7666 3879 5707 1214 5224 1784 8071 566 4901 9909 5084 5637 3413 4707 8500 952 7234 5523 6210 9955 5873 1984 2433 9275 9797 9394 9112 2367 5037 783 2947 2703 4662 5006 269 9886 3142 8341 6804 4395 4602 1888 33 8016 2948 4885 8968 182 408 1530 6490 2633 3514 8923 1908 9664 8318 7373 8383 9707 8156 7682 2410 2818 9040 2679 9056 2182 
7372 5860 6578 1975 4100 2963 9991 7048 7848 5311 3583 4608 6842 6425 7241 6708 5348 5502 2724 18 2875 1108 9725 7383 8790 8487 201 7831 7519 5609 6365 4891 1469 2943 3218 1921 2258 9561 5322 106 1225 5257 4714 4419 1682 8308 1127 3382 162 3852 9753 9389 1312 5830 6772 6454 4318 3325 637 1837 8934 7003 3080 6755 6298 2651 8676 8557 8564 350 5015 9789 5607 6082 4208 3641 4390 1688 3376 904 1892 3129 293 9556 8959 3417 6010 9629 6742 3000 7818 5676 6355 899 2431 9005 9902 7459 7562 8466 
7810 8930 4608 9769 5012 5168 9763 5754 6856 3139 6658 5100 2620 3303 4656 7931 6720 7019 7561 3462 6371 5379 5490 2726 2630 7921 1731 2532 1732 5646 7351 5894 4576 1959 5664 5940 7127 5427 1694 336 4918 4704 1788 3890 8007 2797 1821 1079 9816 9382 893 2539 1114 6383 5265 3744 656 3348 2629 2388 5346 6332 8283 6274 8291 299 2214 1770 2078 3908 8458 3348 4964 247 7238 9323 3044 9059 402 9212 8442 7647 1751 5908 4030 3368 9652 1038 3068 8633 9779 8415 4965 4414 4689 3256 1065 6904 1379 3143 
7164 9837 2843 2129 6436 81 7804 5832 9140 8207 5044 3934 5854 3147 9842 6237 2867 5847 3627 5936 4480 3406 4351 9446 4172 9040 9054 5237 2296 6785 4732 5813 6623 7575 4294 9411 7656 2098 5244 3149 305 6640 7083 2512 6140 3278 5101 9007 9125 8728 4943 3605 8487 5646 9403 2659 1039 8458 4249 3335 5243 8981 5500 8218 6557 9794 3982 565 1893 9226 3714 8550 2218 7150 7414 8358 428 2515 7366 9553 7596 8661 9510 6083 4308 8914 5094 5347 3724 9343 5034 5319 8325 535 3538 1234 329 7520 8151 8574 
3098 1866 3477 5316 9016 7243 3675 5796 9759 7393 1701 3707 6054 1211 9790 362 6477 4884 2061 6553 4228 7096 1873 8905 3983 5411 6491 664 9283 4642 9239 8733 6508 9068 4049 1876 6311 4076 4024 2422 1469 5725 6129 7524 3289 5919 4238 6118 7156 2652 2672 7736 6100 4545 6641 83 6308 3132 747 5591 4126 6338 4324 635 1758 4725 8863 8070 8802 2888 6844 6623 4965 2974 4147 8254 5245 4738 4373 8753 3742 7045 6489 9842 1590 9482 9925 7898 8966 7024 9841 3093 9715 517 80 1473 5242 5295 5895 396 
8183 2740 7020 3149 2066 7519 7755 3663 8609 2128 2417 2351 9173 5258 2193 7115 1093 8470 1365 59 5495 7558 9504 5210 4427 9584 3035 9670 4880 8931 6418 9415 8023 3438 8916 89 958 6672 104 5919 8800 8873 8271 4326 4132 6816 7793 5225 5287 5511 1636 7134 3069 1141 2344 7497 725 1731 3519 1957 662 6289 7725 8685 9728 6641 5126 7038 3313 5231 2957 8466 4104 7580 9144 4588 4397 3289 6165 9684 8800 7802 6818 8222 8943 5514 2071 6020 7245 1942 4330 4260 8231 2055 2945 4311 5048 4424 1349 4714 
9655 659 3180 111 4591 8676 1052 8988 1965 7217 5024 766 1371 8194 5340 6666 60 7411 2687 7306 5705 3369 7918 3936 1776 863 8248 6824 1639 5949 7890 1294 2960 1070 7758 7552 6098 8810 2892 8064 6027 7917 5182 7399 2463 6874 4065 2524 4285 3104 9830 6342 2825 4100 278 4601 1315 4878 7778 2955 7180 2020 4249 6492 9443 8359 396 5541 7169 3289 3605 9549 7558 5139 3300 21 2013 7365 2545 2650 6822 8727 8992 9647 2827 5623 601 4143 6853 4731 3450 4033 6751 4051 6878 6194 2411 7274 8088 9580 
6915 8045 5481 4473 3185 8781 847 1550 6147 9744 4201 9321 8472 9545 5320 7651 5168 2273 8146 2022 7004 1596 2407 108 5648 9285 2654 8059 6560 742 3991 9827 8788 5825 4301 8325 4606 1500 9875 7105 1244 4076 6426 6068 3622 1747 3720 5142 372 8218 7164 7377 9815 5924 3837 1815 5209 2843 6226 8121 3586 6569 7949 8726 2394 8602 7051 7001 6454 3278 458 7698 3707 6885 119 3681 4984 3839 8823 5356 8409 2340 9085 4576 8264 9274 6391 3473 2118 8969 7947 2056 5539 2248 7134 4285 850 537 1286 7304 
3815 8097 1354 7522 4982 1473 1203 6318 1664 6379 8026 74 8719 3464 4650 6983 2738 7394 6808 1208 6363 4755 9616 8254 7003 6750 2540 4205 7287 178 7861 7455 8275 9216 1329 9609 7041 2533 2279 8706 8912 306 5132 3983 122 9782 966 9212 3528 4126 6773 6244 5234 6389 4498 8589 9492 7038 2795 6779 3569 656 586 1844 6224 1916 7806 3266 801 85 8324 6065 6743 3456 48 6865 9590 1014 6078 3119 1492 2851 9363 6726 5592 213 5316 5084 3604 4463 8216 7173 1471 8802 5369 7696 7070 3175 7314 7871 
3261 5638 3936  4 5446 3984 3222 5036 1350 5652 4507 2843 4855 222 5921 447 436 1237 1884 4040 2052 100 7565 3524 5254 2934 7572 2325 6110 4886 6548 5723 6876 485 5727 2322 821 5301 3710 8524 953 8218 1367 2160 8440 3640 2608 5228 1230 4492 5620 3282 944 3185 6806 6198 6120 730 4875 2230 5616 1424 7953 8844 1909 32 7518 9082 1686 7581 7606 8991 5799 5325 1152 591 8966 112 2172 196 956 7792 9830 1900 978 2989 4450 7098 3719 9326 5680 5688 750 9985 884 9011 6369 8403 8093 8055 
5984 5700 7047 8135 1025 8199 5078 6343 4663 3602 2891 5619 1395 2722 3871 2373 2063 8321 5823 5782 7647 1503 7822 4749 7840 8707 3760 4209 7110 8206 2265 9446 258 5664 3933 7635 215 5363 3979 4878 8966 3222 497 361 2296 4368 9086 4359 9041 1261 6494 3041 9116 4316 7790 6956 3023 7903 1165 6485 6109 9782 2283 2719 5446 2568 354 2013 7932 685 6891 3250 3908 3740 9963 6204 4460 9049 6916 9854 6662 3410 2895 5778 4078 685 9086 7102 8588 6603 9939 1049 6386 2223 3768 8184 4791 4123 198 9075 
1160 3441 2325 5068 3534 2288 7625 4346 7689 4541 4200 4351 4303 7095 6481 8381 7781 5567 1835 2721 2171 1775 3771 4909 350 3891 3093 1493 4366 9643 569 5527 9437 9246 595 9323 7887 8220 3669 1928 9113 7870 6280 3416 4965 9113 1798 9098 4681 3633 1820 3204 1760 1943 8113 2110 5834 7558 9956 201 3554 6877 5728 2991 6123 2675 2314 362 7248 2335 2291 6361 205 4923 6130 1523 4036 7928 621 5069 7913 8793 4625 6026 736 2738 8136 6571 6649 4444 3124 203 1321 5204 9546 3797 7879 8212 4159 1479 
547 6450 7841 7105 7725 323 8628 8114 8251 5601 3183 2516 4395 7809 8542 5131 6899 3031 8054 9900 7475 7530 103 5149 2734 6001 8946 6966 565 9457 4797 7465 2260 2638 4570 9985 9313 9550 8099 7564 1503 7635 6433 5898 1796 1327 7382 8695 710 5436 8596 4538 9319 5051 9687 2053 7405 8633 5371 7970 8090 169 1787 350 9159 2709 6688 8473 2259 4787 2389 115 2422 5174 6013 4218 6502 3395 9266 7212 5184 4214 1750 4503 5617 7789 2908 3022 2774 4632 7345 7217 4801 9132 7567 312 1842 607 5137 453 
5395 3879 568 4169 9053 2934 4740 1907 6329 358 9120 7865 4572 7222 2368 189 5012 5277 3212 7786 6261 557 5003 1062 6041 8923 7726 7883 9530 2864 4689 1277 6743 5257 1799 2148 8191 2891 4056 873 3249 3176 8738 7821 6750 7459 4362 8114 9088 7574 5901 5349 4483 7256 2763 6877 2531 489 4760 8414 9705 5801 9691 2800 7411 7842 4949 1954 733 9005 2827 334 8533 7918 8155 5283 5377 2518 3398 817 6444 5651 6166 7280 9259 8929 4157 1791 5770 5269 205 5476 1071 6248 4628 8482 4091 9577 436 1176 
4934 9616 1511 3467 7534 6018 5103 9263 4888 4853 80 1333 504 2598 8613 6115 7879 9122 7906  1 4391 8111 5477 5462 712 6458 3944 1155 6035 733 2331 970 349 194 789 4235 2565 5892 3498 7453 745 9930 5138 7601 8880 103 3717 6759 9225 1623 6760 3617 6087 8590 5431 6799 5048 9376 7954 7435 6461 6637 4757 6810 3184 5547 1045 5749 1439 895 9554 8537 7177 4693 6138 6057 4796 6207 9168 4022 7831 2280 3991 270 7222 9422 3421 8622 5150 7727 6058 1611 716 7167 8421 3900 2714 5818 6001 506 
3065 5556 9043 242 249 1533 2651 1397 7741 1819 5419 1924 452 9410 2194 7674 8833 1967 6297 3983 9694 8707 1947 410 2226 368 663 4941 2539 6664 5447 5604 8572 842 2199 5173 2375 4850 6571 116 3022 1990 2040 3474 7753 586 7500 2938 2553 149 3273 2247 5208 5220 9010 7435 1941 6025 2376 4480 2689 4175 6436 7614 5017 8635 2787 7392 3486 9358 3861 2860 7701 5901 6334 5454 6488 186 4744 5393 336 8017 3993 5544 9590 3003 2979 1531 5380 1707 2363 4421 2234 5151 2035 7251 3787 4823 996 3625 
533 4857 6485 8234 7110 9171 3688 9950 9357 4784 5344 6045 2802 9337 1590 2392 8692 921 275 4072 8981 8990 8493 1215 4141 529 4819 7928 1704 5815 7905 2237 7024 742 472 486 9913 512 437 5623 5297 5781 1668 4451 5118 9610 3195 162 6884 3470 4234 5865 2460 9079 3432 2953 9608 8251 7234 7664 418 5139 9902 7442 5882 6726 7929 2147 3590 4718 4122 5239 499 5791 9690 1969 1753 9237 2131 8637 2707 2717 4502 1519 1796 7935 825 7757 2538 8059 5421 2957 9550 1675 6751 1784 4753 1032 3932 8344 
5750 8054 9935 6249 197 5978 8218 1951 5215 6701 588 4275 9418 1443 5794 1215 5730 2971 8972 8268 1030 745 1225 581 2421 4329 2365 3526 5361 2649 1870 1112 7056 8158 7361 7253 4136 1932 5556 9351 8633 2497 3626 4404 292 5773 5619 6022 8744 943 642 6127 1688 8220 6708 461 2549 5425 3988 7910 4427 2210 9022 1483 368 2736 5088 856 1020 6997 208 6005 9494 186 409 9786 5959 2380 2160 1056 3323 9154 7183 1364 7374 3891 1825 9923 5668 2165 4186 95 4376 3208 1578 1096 2296 3019 1953 3316 
16 8513 9322 5862 8699 6083 2000 4659 8464 4160 5715 1787 3314 2898 3151 7041 3141 1329 6964 5161 3494 1150 5257 4222 711 3187 5319 9359 6206 3624 2676 2574 2137 8350 8436 836 4433 6788 1847 2897 948 7562 1037 615 6812 540 4008 6305 1869 972 1467 1716 8475 3076 2290 5538 6263 3961 4897 8822 7585 3925 7748 9722 8627 6185 6911 3061 2973 8758 2310 274 6321 3347 7241 9485 240 1249 5791 8461 8573 3610 177 3400 6686 2468 8938 2949 6429 188 8123 367 4113 5872 6441 2741 8409 3352 2154 7734 
2111 4464 4360 4784 4164 7953 621 4404 5554 2764 2865 4128 6374 9395 7528 3060 8215 2819 2362 996 3007 6837 1363 3472 9061 4157 6213 7470 7509 4719 1557 9620 9184 5917 756 9700 223 1378 456 5777 4142 3321 9905 517 9068 3786 9929 3635 2957 8643 4632 2316 1833 2347 5788 894 2856 8354 8365 366 3073 6274 6338 8609 8543 7095 8309 8766 8473 8765 4544 8967 8439 801 5836 7507 939 2118 7495 3896 761 8479 6212 2594 7178 8353 9841 35 6707 4558 401 6132 832 6739 4742 9375 186 3051 8142 5011 
8169 2686 3979 6608 9839 6167 467 779 8285 7962 1027 5399 6441 3592 4345 9972 1945 4186  7 5004 8744 408 1136 9576 3499 2230 5304 38 5282 3446 5049 3451 2484 5380 6411 2323 1548 6878 9454 9833 1193 482 1584 3986 4074 5930 3958 2371 116 317 7375 5213 7077 4863 4789 577 7094 6445 6967 8728 9891 2016 8531 8727 3749 4942 1051 5297 8172 505 1482 9365 987 3067 9704 1413 8997 14 3784 5465 332 1159 678 7409 2375 1820 7986 9469 8265 1305 4549 4509 3322 3080 3236 7071 8022 639 8720 6194 
1145 202 1912 8484 9621 1616 9898 4970 7982 34 436 8314 7546 7466 5724 9921 5638 62 5742 256 1368 291 4765 4690 3371 4353 8113 1393 4993 6833 3939 6138 3387 2203 974 9361 171 7224 4331 8154 7259 1119 6468 4805 8586 2192 4726 576 2255 468 832 9975 759 1949 1017 4130 6303 9130 1875 1296 2315 2166 3786 2054 4370 1112 1415 893 8337 5747 9047 5596 6866 1868 401 1804 4060 1479 2381 2667 1947 9565 8994 9058 1515 11 9540 4170 5493 7767 5466 7808 9933 5604 6215 655 6716 7630 1549 5053 
9729 6948 649 2948 8816 7402 4752 9229 8881 3485 8248 828 9403 7243 6238 918 7254 5778 5088 2748 3545 6906 6908 9831 2510 3123 6838 5578 754 4739 632 6835 1688 7633 9783 6856 1388 888 6085 269 725 4334 7450 128 1577 3688 7398 8831 5819 8838 7931 5716 5744 4840 1899 4606 7963 8738 6537 5069 3477 3521 8257 1517 1154 8040 8374 2542 5280 4459 9164 6006 5145 6614 2486 6722 6654 9885 1906 8825 5075 9837 4542 7172 1029 6441 1778 8993 5179 8315 414 5009 1836 8671 6526 9343 3064 4900 8237 8344 
5712 7401 702 857 367 9541 7580 3374 9426 5838 2199 853 5675 3093 8025 6705 9535 9804 2050 1066 4471 8816 6075 2660 7488 8954 8355 6904 206 2944 5248 5918 6698 2303 6776 7065 1844 708 6791 7622 6546 8991 8475 8573 2084 6501 1630 7971 2657 3680 5390 3480 8849 7817 2492 6337 6771 7199 3241 6978 144 4841 2896 6842 3496 6024 259 1692 6732 7051 9314 3278 2394 4142 8204 830 6995 9834 5154 6004 9867 544 5836 8716 8361 8329 5053 1485 1880 4646 8463 2024 5839 7711 5218 5688 3736 5478 7380 6820 
8881 3047 99 7627 7189 4655 4809 536 4489 9963 6540 4356 6859 2376 3072 1573 7057 4477 3058 8938 5475 1521 962 7667 5584 6181 3355 5672 8011 7087 2493 3244 134 8944 7223 3675 3599 2032 4211 8088 8348 751 8797 5207 9480 8221 6780 6537 2699 6190 5475 4526 4063 2790 2193 9648 5323 1900 5320 9686 5340 4165 2930 5474 3109 6505 5502 6708 8537 9713 1149 3237 6817 6298 4797 6297 4519 7929 9186 7218 4120 4662 8097 8183 3804 6642 4183 9127 8543 5856 8813 3883 21 8095 5709 3131 4600 1211 6191 9489 
7277 3692 9079 4094 9990 3876 6743 862 8157 5929 4432 2277 6943 2529 6813 747 9172 996 6226 4067 3204 1391 7950 3226 5838 11 2709 6790 1223 8900 6280 8500 8945 1711 8946 5287 1939 5689 6149 96 1618 582 8726 4914 9463 5539 2013 8635 2887 8240 2702 2444 5983 7004 5670 1822 7016 8379 8612 4591 3631 1244 3091 2576 9307 2037 4216 1246 4078 365 1343 5696 7299 6421 6962 6763 8312 8976 5398 7551 3568 4453 9995 5903 1457 5665 7725 4825 4044 2690 9416 4028 286 8859 6604 5946 896 820 7192 4974 
7538 4887 7023 4837 1308 337 1600 9620 9313 3351 7172 9233 4156 7167 5137 1965 9185 9214 6791 3229 8256 6207 7257 8543 5067 214 841 2315 7386 8033 3642 4924 2921 7017 6114 581 7354 4066 202 6668 3769 3726 2253 7925 7245 7390 9891 6430 6605 6682 9660 4861 9241 3269 9756 660 9835 597 9328 3574 4983 2970 8498 7904 9987 964 4837 7341 1383 5039 361 5152 5117 2615 3078 2363 6357 9321 8793 2962 2355 4805 4176 1596 4427 284 8609 4262 882 7937 7836 5865 7259 2687 121 7246  3 4958 939 1386 
6350 7653 6539 1467 6620 5969 182 2977 5290 8976 2292 7645 3781 6468 5593 4560 6752 4202 8823 3986 2139 3011 6203 9398 2050 2676 2996 2054 7635 288 3440 337 4293 6331 8156 913 2300 8339 242 3942 3667 2534 7939 3800 5354 3533 8361 8459 4087 3536 2445 2579 6547 5001 8329 4950 7677 1326 7004 1664 7966 6796 2001 2259 9480 6510 9524 8132 4849 9766 2075 4868 2301 6366 8668 4007 9899 7029 2466 3987 6917 1264 6566 3465 6265 4895 8415 294 2573 1771 1959 539 4919 312 9150 4399 6822 8674 8884 8023 
8441 7311 2891 7094 3677 1560 1101 3577 4941 9920 3916 1859 7536 6834 1676 3801 1729 6443 447 655 4566 2406 7546 9485 9071 6697 237 5893 1723 9121 269 6516 6432 3160 3610 109 1072 1064 38 2366 7336 3954 577 4872 7140 2253 5025 5222 5048 5472 5877 9614 4231 9775 5451 3302 2824 5688 5547 4548 1161 5816 1064 3945 5329 1027 407 6401 8443 445 5119 5779 752 5696 651 7892 4301 5676 3114 9349 7500 5343 8963 1731 5119 4415 5033 7943 6455 581 8843 3969 2749 6260 7914 8078 3639 8321 832 2082 
5119 5951 4213 2223 8000 4864 6467 2301 6892 5934 1651 4392 1277 6966 2476 2748 1381 3861 7044 4189 794 5887 8158 3544 2147 6072 7974 5786 746 8806 4220 2217 1110 8433 4440 9110 9649 907 7763 2893 6841 9414 3638 8119 6381 6114 7219 4114 9975 4263 8303 770 151 2813 666 8650 8886 8640 789 5984 3799 1361 8201 4909 9795 2641 371 9444 9900 8134 8690 6742 3901 2328 1213 282 8442 8432 4396 4769 9048 9052 1891 9199 1865 8909 4201 7103 7550 1342 3087 1349 2704 7640 2610 2499 281 9333 8295 182 
7467 6985 3276 1368 5665 841 8002 459 9273 8751 5229 8321 7803 3472 3872 6020 2382 4426 3124 6284 5768 2563 7633 8472 204 6595 7323 6837 5928 5619 3371 9747 8956 6647 7468 4622 7488 5470 5081 3114 573 6662 7787 4728 6487 8012 749 8869 2438 225 5153 8206 2788 9138 3031 9344 2085 354 6182 8013 5973 5905 4112 1282 8905 1580 5904 2745 3403 7337 5859 328 352 9999 5057 6839 8011 5806 2060 6801 6031 3565 5007 5171 2703 8038 4516 1140 4745 7050 5505 718 2955 9617 2000 8212 7550 4256 958 7305 
7946 3169 7633 4650 3168 2690 1489 7531 4848 9901 4332 7231 3466 5692 2403 2521 82 3271 3661 4827 6673 9166 1898 5980 8783 250 4193 2685 859 5151 9990 8805 4672 3976 3455 7841 6666 1296 1724 7867 1197 2409 5098 1015 8101 3853 3536 8183 7124 7197 9363 149 6363 1261 6130 1498 1511 323 4184 2370 1826 526 7527 6498 4502 7334 691 7521 4982 2416 5388 2531 4825 486 3546 9278 4340 3434 3813 7816 631 3176 4318 3346 789 448 4845 8653 7123 5381 7375 5301 2259 4903 8151 6762 8589 8843 635 3572 
7611 6023 2455 8788 2861 6002 4418 3553 9436 8231 1370 6420 7760 5688 9766 8549 2488 963 3554 5963 2696 930 1264 4956 5833 9415 8070 774 4610 8705 4346 8573 1080 6802 7361 3941 9156 8131 7495 4944 6363 5217 1364 475 7257 7483 5376 6097 4798 8931 2060 3847 9861 3324 8803 2046 9091 3225 2820 3702 8282 3519 2275 9362 6673 5989 9655 5829 4120 3502 7125 6835 8719 4842 7310 2328 2325 2687 8425 3475 7970 485 7322 7831 3809 2477 9877 9253 2054 9049 2955 336 2568 1582 6050 5593 3923 2058 7774 4396 
5560 4900 7583 4280 9742 4894 6608 8419 3933 5034 8246 1903 5519 5569 6086 5681 4398 5963 4934 6453 1364 4241 3141 285 2175 5544 5878 2451 7602 3653 6847 3162 8553 4430 3794 4647 5676 6755 9418 5961 1789 7664 7864 3660 9585 3950 5693 3984 6265 6979 6789 3982 7572 6282 4267 9748 1826 145 2199 9428 3798 5398 8943 8703 6180 2737 3350 1857 9492 9120 4170 7633 6785 2035 7646 2722 2337 3339 6706 4955 6671 9847 8937 4243 6130 3204 343 7956 3349 2542 3737 3500 4292 9032 2203 473 1769 1906 8682 7614 
1026 2852 1599 4163 1239 5597 6886 9929 5289 3592 4884 1960 9792 173 6203 5922 9729 6547 230 9430 5441 319 2930 6086 9351 5134 6559 7473 3392 1593 1439 4418 797 9390 8582 2037 4988 5468 8318 277 5412 9554 2237 1556 9727 4792 3830 9456 7691 4061 8886 9485 732 8169 5571 84 9655 8482 3909 3047 75 1700 3817 872 1090 2399 9261 6078 4219 7579 6355 5984 7133 8592 7540 6860 3385 1371 2668 7428 1784 7907 6913 2516 2428 2484 8952 2083 966 9213 5130 1041 913 8947 8266 2004 7699 7527 8082 8270 
5107 4438 4254 8592 9382 8147 1805 2767 5870 4473 6548 7654 8732 3461 6522 1160 5946 5475 9595 6912 4688 4725 4306 5602 25 8924 3958 4076 6451 2040 2346 7910 6478 2953 2855 5861 1100 4660 4980 6970 5485 1528 4624 570 1342 7498 1730 7288 2973 1326 552 4014 2403 1210 5968 8780 134 9926 2856 2938 8318 5203 7200 1149 4508 55 7010 5608 1067 8342 8930 6553 6223 9906 7123 7565 7404 5205 1205 6730 2883 8109 744 1639 9320 3064 419 5806 9342 9628 5096 7660 1183 8649 8809 5691 5056 2171 1299 6124 
6866 6581 2677 3089 6487 6152 7006 3891 7709 8211 621 593 6320 7717 2232 1992 7133 9003 7799 6475 8631 2895 488 9814 7896 5649 5505 2953 7821 3156 9077 4687 6089 8106 4128 2576 4258 1134 6468 8319 5697 3441 8912 2017 7511 7496 362 4644 6500 8161 7472 1483 7408 7960 1298 5305 3609 3155 8258 7782 2664 3687 8821 8753 1793 2949 7682 2403 435 4150 722 6132 3943 5987 4502 1454 3483 4864 2451 6335 9377 9923 7819 3137 4235 9117 8442 4196 8624 3052 8331 7640 6739 7152 6394 4884 6454 428 3639 6889 
4578 714 9374 4873 6701 228 2680 6536 1444 5131 2872 821 1406 691 3958 1993 6160 8753 6189 1136 8157 4520 8777 1249 8025 1523 2485 4479 1951 6125 7720 2881 6839 3446 7754 9892 26 6786 6428 1470 8269 5652 8643 6027 6343 8954 8020 8855 7707 562 9992 2216 1434 8769 3465 9459 292 5951 3938 8595 8428 8011 1476 1619 1457 5582 7863 7836 2369 4291 9306 6990 6296 7950 3018 8991 6904 1038 7847 963 7952 7839 9531 9387 2960 2997 8846 9604 5300 9137 8199 80 3500 9675 1699 1309 1609 9562 9145 330 
205 8452 7321 6501 2754 339 5493 6010 7729 9692 3325 5682 3883 2856 5069 6843 2205 3915 6447 3857 9404 998 3937 2904 7025 5636 4214 8634 1550 3359 8965 1756 1811 6286 4609 4565 2977 6454 6927 706 2498 252 6388 6381 3109 1457 3224 1666 1725 6023 5524 1129 7021 9461 386 4046 1450 4600 9033 3000 7959 7998 1108 6123 636 2070 7040 3613 4876 3968 671 7375 4220 7060 3756 3681 4869 3333 5348 2946 9356 872 428 2730 333 814 3128 8135 5414 2161 7488 9725 6511 4948 5848 3499 7018 2889 7112 8247 
3209 7784 5622 7429 1196 5730 1111 2417 9063 6459 5364 4772 3683 5792 3854 4016 6606 6982 8504 8372 5496 5992 8097 2007 940 298 5507 4311 9539 8971 2558 2748 3107 4532 177 655 262 7640 3073 5678 4099 8437 6802 7782 581 656 8151 3539 3990 3007 1911 9486 8999 6360 7846 6291 6658 9705 602 6197 5028 9512 8945 4488 4044 5475 5143 4307 3115 8216 6337 3567 3005 9491 7701 3586 147 5852 3477 489 5211 5388 6328 4210 8101 526 502 4759 6583 7456 7309 1611 6969 6254 6099 1013 8081 7595 1672 1197 
5811 4361 4764 5169 3852 2465 5107 351 4670 8585 841 9881 325 3521 444 8426 4047 7298 3186 630 4754 6847 8593 1723 9453 1045 9089 7535 8640 761 8732 803 1475 9848 5972 5327 8665 7432 5679 3335 6017 2872 9569 6342 6393 13 1121 6792 7311 659 3774 8417 7506 2367 141 6959 3412 5582 4494 8404 2695 9578 9208 4170 5778 1532 9498 4444 5316 5177 7779 1333 4401 3700 4028 794 65 1501 3938 3728 2160 7712 2146 9666 79 8639 2977 9844 4221 3824 4600 6916 3402 160 1087 9181 8045 585 9977 3361 
2114 4108 1047 6515 7809 1427 3661 7874 2928 7599 7955 5088 1663 101 1106 8094 8740 435 7938 9313 4259 8891 6229 4014 9051 3668 9547 3448 4253 9524 6810 2719 3632 4209 5586 1441 5636 5599 5668 4916 3198 3623  4 1213 76 7462 9308 8816 7897 3598 8129 2157 2489 710 2523 7893 4379 2070 1341 4984 1594 4503 4056 5226 8712 9642 3020 4348 5242 5040 9264 4792 8663 5620 6006 8739 9434 5314 3907 7332 8912 8388 5841 7754 5450 8364 5647 9829 434 6988 1166 8380 7844 5222 3606 6556 4864 2978 7257 6458 
8018 6521 1251 6681 8494 3609 1772 7928 5275 2031 1612 4187 6771 3805 8293 2222 2169 3940 8403 8955 7281 9569 7335 5125 1143 7294 8033 2360 272 5290 8818 8291 8164 6421 1324 6658 30 3097 938 1657 1480 2551 2197 8252 6356 490 474 4878 783 8877 3833 4416 4799 7521 9541 5942 4815 3926 8302 5087 9217 3473 9730 7381 6246 1055 391 2629 504 1329 4286 1984 232 6483 6588 2941 6974 7062 7819 7757 2292 8004 2173 3443 1877 8066 5737 3044 1992 392 4484 7561 3865 4214 4942 111 1621 5333 2740 2125 
3015 7027 462 3247 9862 7050 2540 6836 465 6711 945 2757 4716 9470 2552 2945 3888 8289 5990 2233 8681 474 9794 8898 1040 1089 9010 2662 2774 8102 4787 5789 1481 5249 5389 1344 8652 7929 8180 9117 4641 5478 8226 5709 1300 778 8654 5189 5419 996 3774 4101 1470 3568 2999 2511 1009 8361 5173 3784 6464 6312 9573 7945 7914 1314 9289 6566 9244 3822 2035 3885 5652 261 5946 6952 7391 4600 8493 9162 5597 2267 3263 3419 2188 2615 2282 3197 976 7455 6981 3792 120 2907 8090 8034 4221 3731 952 3465 
3905 9339 3702 9557 9600 9648 2862 3343 601 7707 2505 2550 9975 2121 5969 2163 1088 8252 5360 2064 2059 2342 2209 2179 1601 6651 6565 5822 382 3869 5640 4288 3208 5694 197 9160 5343 9411 2503 2296 7119 1361 4846 7094 9834 7167 5609 922 5419 969 9338 3831 9663 1547 2362 1264 8198 8928 3439 4933 2797 9079 5573 2358 4773 2122 1518 6468 1534 374 5116 8653 1735 9962 2099 7921 7130 4060 8843 8901 5029 8181 2732 1045 6081 5095 8661 4279 375 2100 5564 9524 7531 1137 1882 8657 3260 3401 1477 4794 
3775 6594 9799 1862 2908 8250 9783 38 2310 4978 5292 3691 3159 8024 1088 9240 9471 9750 9872 9846 8202 5436 9371 2086 6574 7605 743 6186 1006 8572 980 1133 5166 7131 9347 8075 1733 5482 4465 4043 460 9757 4086 9972 4134 5175 9212 3605 1277 5436 9804 9479 873 5527 1565 3799 3132 8660 9985 491 7233 7317 1624 8751 800 7324 6826 2533 2806 1292 2928 9619 7401 3366 9591 1535 8541 5155 1493 9818 592 1297 5650 7817 6824 3567 7968 6308 2228 7953 6799 5813 1622 4776 4564 2422 2100 7743 1307 1258 
5387 4235 877 2788 7601 6820 676 2495 1976 2169 8665 8920 9818 4315 6737 2994 7883 4705 9302 6463 9010 6102 2276 632 878 3192 9406 9330 935 713 588 6322 1300 7818 5463 8901 4638 6139 7748 6614 8308 6414 1886 4478 729 4975 7472 4964 9680 6774 1427 5042 9228 55 2026 6458 3248 1432 5788 535 8497 2729 6858 9797 547 8673 5051 5185 4812 2799 8152 9472 9213 38 3950 6295 5014 1422 1259 1046 4548 2687 6089 3777 2742 4467 6587 2342 5900 2376 2878 749 5105 6088 547 2004 4761 5598 7189 5925 
4749 5341 1749 315 1732 5699 6610 3098 3473 7869 4144 8021 6908 6585 8150 6003 1053 4738 4697 3305 3466 7575 4054 4923 15 4601 6927 4776 6551 4116 7053 7653 5810 8802 7968 3894 4501 4578 6992 4326 8799 1136 8700 2060 4074 6850 4415 1479 7940 9112 4784 1406 6688 5190 2681 6703 6144 9608 7832 9047 77 4885 6700 5887 3688 4668 9781 4541 5598 3125 5220 750 613 3920 9162 4687 7122 3577 2518 5063 2689 7302 2821 5729 2493 1855 8785 8637 1463 6617 7684 1540 7854 737 3779 7894 1757 9912 8788 7356 
3037 4008 4458  3 7928 3620 4690 5050 7197 7209 6465 6238 863 5639 1968 9708 7494 753 4697 5309 3722 2382 3202 1576 9471 6981 5823 1228 3246 4611 4936 6283 8619 9394 6286 2899 9366 7329 4301 6563 890 767 9154 8105 2758 1122 7814 6604 8227 2511 1913 1949 1245 5115 9877 716 8449 5700 1945 1695 6663 3233 4330 5282 2628 6969 8181 1994 650 8835 4910 1540 5954 4064 9645 8712 1538 3811 1668 9765 6323 9933 1714 7568 1401 7943 4637 9850 3644 2934 7897 307 6167 2227 1942 5147 5548 6475 7142 6198 
5310 8404 4090 1264 8820 88 6328 358 3899 7996 123 222 7930 8189 4143 9331 6132 5132 5533 6128 8066 3430 2788 4233 2009 1082 9381 3910 7557 2875 108 9220 7631 4199 484 6451 639 3165 3161 4538 1161 9636 1113 5443 4177 5256 1126 309 388 3011 2790 4806 2793 1930 5391 1155 3012 1124 5065 569 351 5173 6141 7982 5724 2978 785 2715 6143 3946 7254 3656 9934 8367 5452 4111 9975 6578 773 6715 9590 3563 1521 8735 5493 3264 9890 8505 4389 4955 5426 4740 6481 1568 9075 8557 898 9860 1273 7041 
159 8527 7049 93 3246 2501 557 3221 9080 1330 9936 5022 1245 7809 3757 3090 1073  0 7947 5462 4955 3373 6555 7788 1293 1982 6346 2191 8194 3971 5584 8353 2498 2634 4799 2096 5135 5356 5317 567 3038 5253 1941 4283 3062 2051 7373 487 2051 5320 2302 3358 5045 5209 1147 2691 7191 3845 4882 5385 7816 6819 91 6666 9453 4890 8762 940 6598 4079 1508 9636 5684 3449 271 5098 1852 7644 5585 3903 9316 7887 7262 4361 3096 4761 7052 6639 8606 8287 2025 6422 5106 2116 3088 911 3358 8202 1851 9956 
2281 3359 5944 4317 3161 6215 9415 1365 211 1352 5269 9527 9240 8883 3888 8688 9996 7293 1680 8602 5580 3705 1376 7038 2173 816 7949 1883 9018 9800 8191 7651 9512 4135 1968 9025 6702 7735 390 6913 9087 2011 2792 4679 894 3032 3368 890 325 5048 5844 2257 5105 3572 9295 3630 4388 7244 5513 9758 3397 3704 7409 2909 7839 5729 1934 893 3464 2324 7806 2552 4336 598 7231 1582 3630 6951 8825 308 8351 1021 2565 3456 4594 8213 7086 5334 5457 2599 5093 5206 6303 8854 8115 494 4584 6401 1387 4400 
5078 5545 6952 5766 2495 536 3700 2478 7487 2525 2786 5839 9899 1703 5647 845 9916 9086 6179 1726 8037 7624 6932 4341 6479 1400 1187 7415 4153 8927 1815 9231 4472 5120 4997 6968 5656 5050 9446 9495 3927 8584 1686 3826 6639 3686 4671 6556 2772 851 4634 809 8475 7918 1502 1306 9318 2690 8721 3472 7969 6889 9055 2441 8361 405 5761 369 5455 5207 9864 9382 143 7903 3209 6783 1589 4232 9691 4361 1435 4325 1522 9911 8595 3025 7569 7914 2067 2643 7738 36 9532 3145 8829 7893 3550 4591 8262 9005 
6150 4478 4740 6294 2381 7949 9429 322 8533 9120 1035 9969 9797 2558 9880 8392 1935 3801 6306 4002 6444 396 390 5976 3542 9219 221 3444 3810 4835 2450 6313 9314 7190 2607 8047 1491 2036 8370 24 7508 5757 9993 7305 8315 6225 5697 250 27 8356 604 6471 8752 7346 8800 8646 6566 9021 2091 6728 3857 893 3041 9523 4435 2000 3922 5926 388 2292 2302 7896 4402 8648 5201 2717 4873 899 9320 1252 9255 6276 4076 4359 3623 2876 9358 6541 8249 1449 9621 8458 8694 9015 7981 3129 1015 1904 5407 7756 
548 4061 5652 4950 2709 7206 4020 3935 4457 9692 1539 64 5968 5615 4423 5943 8491 133 2484 6741 7934 2106 5199 6628 7473 9533 6109 4840 7789 7868 2596 8337 1930 4601 9640 991 1807 3660 4926 2616 3352 6466 2680 9320 8433 3455 1616 6925 3589 4100 18 1523 2558 1569 4504 31 7454 613 4872 5243 8482 3820 3581 6764 8421 9573 7755 6580 3233 9034 9196 2937 1852 8228 8609 285 1684 225 3562 1625 4326 9932 3148 3236 7854 4004 9620 5308 4618 844 6904 9452 4664 6837 2568 9438 6410 6675 6018 9643 
5709 1567 2580 3913 9795 7541 551 7831 7767 465 9456 8445 398 8957 1681 4604 2961 1301 6264 3931 2145 3168 3383 3162  5 2303 2600 6415 8979 8618 2410 4688 6537 1342 4954 6333 8884 5505 4164 6651 2322 3621 5096 2720 8930 3129 3676 1891 4431 9941 5823 2928 3109 5558 6090 3115 7862 5042 9530 6841 3661 1941 7881 6550 3283 9187 2883 8519 1044 3400 5170 3367 3373 6618 6087 2303 9748 6116 4194 531 6057 6369 3459 9166 1928 5902 8633 6142 944 4516 2983 957 6457 7216 7508 6092 6404 6743 4612 7448 
143 6134 815 3516 2753 3255 2171 8853 9371 6366 9384 5428 2735 9195 946 1015 5097 9580 7157 6042 4096 6492 3351 6905 3709 859 9349 6465 7603 313 3913 4098 6448 1081 7615 5553 688 9786 758 59 2504 142 1839 1592 9337 2785 8959 4435 8717 6117 6829 2813 2609 180 6070 2670 7392 5420 9135 4995 5733 9401 9093 8533 482 3060 438 1170 9199 1196 7581 1703 1338 9420 9647 7028 8557 8607 7815 7275 1076 4644 6440 3685 1176 2511 6356 8568 7931 1843 9915 16 1244 9009 4902 8078 8421 5340 5600 7620 
2889 9533 5676 4227 8953 5323 7607 3863 282 5422 1138 1358 6418 3930 1396 7595 6441 4104 2515 724 5947 2431 7093 3544 1440 1995 7974 9861 7335 3575 3834 6576 3108 9510 7156 8414 1185 4763 2277 1468 186 9767 9178 2956 3697 574 551 6491 4678 9419 7215 6978 1850 4308 6874 9642 2655 4848 9503 6343 8423 9689 2919 7884 9199 75 2650 385 4839 1279 8205 1377 1046 7383 4333 1095 4310 1237 7586 5340 7008 1154 2318 8858 1814 5544 8500 4470 393 4355 7165 5168 4045 84 3052 3244 160 2054 9981 1351 
3333 4538 2728 4379 8274 3413 1827 2584 1002 5765 4276 8010 6919 2947 3220 5086 8491 1720 5908 8884 6076 3073 4053 6473 3157 3457 6069 9669 5512 6051 1020 5197 6941 100 5929 5215 9866 7756 4151 868 3521 8428 5231 6793 1375 8451 8231 9866 6524 4139 5103 8952 7212 9156 5425 6721 8965 1494 6391 829 3897 3763 6027 839 3864 1956 6054 3730 6064 6558 950 5937 4986 2533 2730 6361 985 961 2579 7509 1452 7682 6461 5016 3190 8238 1738 2156 9732 4481 2985 9982 8244 5364 7173 8460 3672 9579 8542 9736 
6137 5845 5674 1123 8378 4756 3836 5715 5718 6416 9576 3522 450 2389 8539 3641 627 277 2149 6712 1110 1486 6694 5706 6851 3867 4167 523 3446 9061 260 9584 4906 2286 7059 9637 7042 896 5352 9112 3664 4929 2635 466 7318 1174 459 7946 7803 2608 1010 8913 4095 7704 971 7298 7923 1490 7821 1369 552 4433 7305 1810 6719 4365 1447 3762 1613 3152 9226 1629 8081 1861 2095 1751 3035 2555 6049 7190 5163 7059 2455 5610 1115 3427 2908 9038 4917 7082 6760 5469 1515 417 3632 4587 1134 5079 4701 2747 
8231 3927 4376 2664 5789 2824 768 5176 1731 6817 8719 3246 229 1174 8857 1344 4601 8117 6735 9519 5199 3495 1340 6715 264 4972 7654 1399 6404 2355 4146 987 6282 4875 3652 8423 4051 772 9952 5782 7589 8671 9028 7818 9845 7885 5515 799 6003 8602 6670 7554 8449 8010 621 8713 9335 8275 112 2091 630 611 3078 3265 1838 3082 1688 5889 3854 1640 1671 7796 311 699 1966 6509 4937 3833 7308 7292 2435 3978 4846 884 8340 5468 9598 7675 95 6062 6118 726 6673 5549 343 8511 8631 8383 4400 8838 
24 2423 6634 6687 3123 4952 3196 4412 8786 6856 8056 1221 834 2902 2106 9175 4722 8056 3202 4818 4118 9321 1896 7144 4870 8591 5655 9853 6974 6408 8691 6998 8831 1677 38 8306 6630 9586 9070 1768 6443 7126 2989 3629 29 1447 2804 1103 5855 2359 2273 9974 8032 521 7118 9254 9112 9125 9107 6087 5533 4151 9437 717 2180 9475 9023 5162 5414 8094 6930 1857 5220 6272 5486 1601 7719 4643 9057 3575 3354 1330 9901 1386 1852 3371 640 7316 2496 6099 3403 4382 6602 2841 5099 8783 8668 474 297 434 
4920 7228 2291 141 9852 4130 8094 7571 5125 7151 7498 8479 4834 3751 6217 3038 7122 3209 354 9619 9308 3758 353 2263 2951 5452 7398 7971 5926 7695 8406 847 1275 7049 7340 1127 7531 1786 5051 9008 5290 8901 3839 124 2653 56 9514 9775 9617 9868 5746 8926 9978 6099 7541 9281 7903 4939 3605 182 2634 8363 7381 262 5412 1073 1389 9296 2859 2792 4656 4501 1694 8496 977 699 4904 491 474 4522 6712 2573 9800 6690 5024 7341 2324 2928 8632 5929 3110 7618 4292 6843 7880 6056 7916 5622 1704 7127 
8414 6361 1629 6460 4857 2606 7159 6113 9450 3986 6987 6162 2911 6787 9204 7935 480 1528 7215 9112 7457 325 6731 8101 3520 4611 4158 1436 6585 5862 8564 5000 8575 6545 7812 9784 9151 1324 5898 4953 5310 2885 1115 8221 6025 6672 2508 6505 8200 9724 1970 2010 6401 5053 111 9922 6016 621 7710 2602 2836 6274 3954 1411 2819 1766 1196 8323 3090 3446 3276 4752 6331 744 9325 8708 7416 1834 1566 1968 7910 3536 3978 4311 4941 442 585 957 1063 8296 3559 251 922 3865 1663 3742 5632 9211 8417 5074 
2657 8045 6179 5340 5141 5504 4049 2557 3690 5615 878 7952 5503 4856 8616 444 5298 9201 1401 2714 3849 1313 2965 4772 5178 980 4866 7162 191 3283 8589 2848 7680 4768 4541 2822 6624 8590 5379 6667 557 6257 4619 2412 7466 3235 2856 9116 8789 609 1830 2638 8274 1148 7410 9805 2128 8628 3319 2320 1911 1908 1520 9592 3028 6061 8766 6005 1003 4145 2672 7912 6755 3643 324 573 6879 9532 9689 2020 6494 7872 4658 1120 9020 8421 925 7500 7049 597 9820 5313 2505 7693 1257 1886 106 23 4243 7462 
520 6915 1726 3627 6910 2051 4200 141 7935 242 2161 781 8114 3172 1902 3486 1593 9179 986 4994 9776 7159 307 8634 4852 7916 6872 1310 4291 1115 8772 4812 4382 6851 8439 1292 5254 8992 1434 3189 9234 3595 323 3700 3119 2225 7186 4712 1404 8172 6059 7533 5331 2718 6167 6535 635 3039 4198 4926 4154 9322 6090 8536 6173 882 6180 1427 9874 7614 4617 5460 7562 4940 9160 681 3517 2698 1746 1273 7222 7805 8806 8906 6875 1325 5441 7510 4364 5991 8789 4870 5314 4879 9758 1487 5761 5939 2915 1987 
9905 3884 7447 3819 5176 2959 4501 5045 5657 2599 6318 9232 6756 5125 8138 3631 6450 9931 7494 7167 5923 6283 2037 1237 7514 8148 2724 9628 4087 1991 1615 3992 5875 5415 4164 7403 8374 5017 2448 384 7616 5119 9616 724 6596 7754 4355 9398 7685 8201 6565 3608 4484 4955 1197 8351 3103 3922 7979 3542 2265 9594 3886 4493 5009 8050 1896 9736 3067 697 6472 7035 5816 6088 7759 2412 194 2115 1810 4231 316 4728 4192 1153 9683 5389 9504 9138 5663 3835 2680 7929 3429 2918 2422 4791 969 670 879 388 
7719 7351 7424 3535 9791 5183 2299 9985 3650 4110 568 319 5190 4760 1472 4873 6502 7328 363 2165 1163 9395 6446 944 2313 5220 2087 9634 2243 2966 23 9962 317 7447 3498 108 2630 5797 6445 6281 6259 3366 6600 1449 8126 4424 2674 980 8104 3037 9498 9267 8784 5944 6563 1098 7517 8651 732 9760 1617 7107 6074 8287 4554 5924 4747 7185 1722 7545 9818 4333 911 2770 2135 5389 7194 1161 6370 5298 551 5868 917 9335 8164 7480 6785 2033 2483 3870 8145 453 977 4220 8740 5532 144 9839 9069 8218 
7384 8887 8904 8295 1657 1039 37 5203 2200 6407 6853 2751 8627 4122 8439 3143 7954 5224 5177 438 9094 3322 891 72 3894 5983 1956 4039 5822 1025 8609 9559 6264 7513 4206 4273 8552 4243 9476 7105 7002 2681 6208 5629 6803 4647 5125 4757 9872 302 5195 8966 9976 2438 5390 223 4773 7346 4262 6948 8371 9223 6507 4635 6737 7065 8908 1641 1309 4736 8746 4663 7417 1307 293 572 5954 5418 5330 5826 2072 6877 1145 8400 9316 2887 8623 4089 234 9237 1037 4957 8461 3896 5945 5198 962 1205 6839 8623 
5942 1938 3286 9711 3245 9931 284 5551 1701 5614 7730 125 8843 8875 8526 8159 8114 3501 8601 8348 2739 5990 9658 7552 9887 5603 2750 7201 6808 5941 5824 9102 4231 9110 8814 3828 5394 5450 9380 7095 7416 7110 7221 6259 2337 2099 4419 451 5600 9372 5152 4691 5362 4810 2243 5249 6765 1345 2450 3573 3639 4626 2676 7870 89 7842 8051 5483 3292 7431 8930 7060 893 6151 3319 3230 4602 4090 33 203 3462 1537 4894 8825 2699 7138 4074 9464 8483 2877 9390 2122 7503 8418 6345 7592 6260 4396 3075 5904 
8179 2006 2964 9072 4509 2635 8654 9112 6726 5039 5667 188 6577 561 9013 9276 4051 9440 5093 8887 8669 4483 7361 6172 2901 3706 117 5513 4454 3192 7769 8985 1550 7085 4409 2412 9720 3063 7876 6446 4455 3543 2987 1032 456 8352 6660 860 4144 8105 9747 2813 2588 7108 8986 1841 7167 9103 3706 7973 8647 1475 6959 6550 8560 1368 5314 4633 784 3190 7431 5239 3085 418 2623 3541 8771 5635 4401 2915 3741 500 2081 2681 7609 1067 875 1128 6522 4581 5453 1521 2409 2412 4423 7321 133 9737 1954 7269 
13644
