100
9958 6596 5028 9899 160 7509 6831 9963 3264 6395 3380 1880 6970 9890 7683 15 8023 5627 7871 450 1384 3708 3189 4627 3934 4465 7925 2992 5530 3638 2503 1840 234 7531 1739 6747 5041 8570 3062 4657 1318 6442 6537 8288 6332 572 4655 708 2551 2526 1158 288 6234 700 4915 168 5165 9192 9512 695 9183 2015 2536 9417 9546 627 6164 939 9198 5578 5596 6868 2020 8485 5156 4705 5409 6163 1765 7961 8689 9275 8249 1275 9975 9516 7795 5140 8708 7307 5836 4243 9322 4724 3661 5220 5351 6177 2512 901 
1756 4460 7769 128 2946 9277 1185 4707 5440 2950 2668 481 2226 7269 1756 2201 3137 9551 7342 8198 3210 9530 2441 8884 4254 6102 457 5957 8632 2969 6859 6740 7429 980 6868 6727 258 8054 1435 2050 7356 455 2532 9582 4077 640 8136 7214 6544 1830 5412 9754 1360 7854 8639 1966 308 9096 4275 8940 8417 7486 5680 5846 8467 8901 8926 5077 3307 361 7127 663 7168 6011 6598 1245 6652 4734 8460 3196 6564 3872 2950 4276 1726 7941 2594 2035 3389 3221 7327 1806 708 3008 4005 9175 8261 2931 604 7920 
3292 7731 8583 460 95 1533 1706 6747 6267 166 9943 9183 390 9245 9811 2117 3539 8757 4152 6928 1979 7831 5087 2687 7191 9092 8214 5452 2023 8818 3372 1667 6549 8308 2127 6644 9841 185 9743 2461 6703 6038 7996 7094 1636 7808 5563 5175 2917 6067 8455 4896 3898 3542 7583 1090 2634 5797 6542 1009 4615 6267 2676 7517 927 1156 513 7120 1341 257 9581 4397 2647 3930 7843 4283 8090 3406 9458 1007 9473 4266 5904 3371 4160 3487 4461 6795 5637 7356 4156 6604 9975 6833 4121 902 7989 4635 4374 5682 
1244 3956 6431 3891 4238 4274 8175 2328 7680 3985 3335 3505 4603 5591 3229 8764 9079 4042 1911 1068 1398 6067 7672 7725 9252 8146 4979 3593 2781 9354 5628 377 9662 2059 4268 3900 6334 8795 6228 366 9133 5915 224 3736 1507 3453 2500 6938 7495 4411 4358 5246 6831 2030 9323 6083 176 4303 9677 9309 3657 5305 9686 3319 3716 307 3571 6402 5454 9799 6769 4587 2066 3345 4676 9925 3150 3528 6863 645 4292 1221 2243 1123 9604 7919 3558 9780 2222 3235 5442 5879 4892 1480 5550 8609 1787 9121 5011 3594 
5272 8132 4533 3690 1477 9209 3616 4627 2738 6831 1625 3382 8053 220 4505 7657 8139 8063 3789 361 7651 5583 2592 2543 7064 4494 7504 5203 9967 2516 8797 1591 7000 9683 5282 4830 8892 8898 5809 7982 5729 7434 1364 134 4007 2221 4143 2146 285 4285 8860 4288 9868 7804 6831 6932 8651 688 2136 4970 9556 7285 6562 6556 6968 1844 1386 2213 7094 7196 6547 9175 982 7912 9310 4989 6485 9805 3488 3122 4090 8700 7410 3959 2856 594 7243 7859 1282 5731 2830 838 3017 9392 7394 6337 7588 5133 8550 4682 
8681 1450 209 9663 5714 9519 1005 2199 5677 845 5322 9767 5897 2732 78 5105 3326 7322 2965 960 9405 5795 1798 8774 1539 5545 5112 9127 7030 14 161 5711 1464 370 1726 7178 6242 9083 5730 1919 9928 1052 8038 5825 136 8117 7283 3463 1791 248 775 1196 2395 8926 9971 3934 4471 1435 9413 7853 1449 9574 3564 9266 9944 1642 2796 2538 726 8526 4457 7006 9578 2496 9184 9715 6965 6467 9530 8756 6715 305 9952 5462 9231 6275 9396 54 7710 8809 4259 9160 4735 7823 4778 1031 5818 7574 3570 6544 
6101 4379 3550 5679 6875 2734 1746 3840 5553 1276 8948 2268 7934 8901 7730 3517 5176 3478 9924 2887 8639 4183 8399 3374 8359 3177 758 4177 751 4328 7073 3204 8707 6975 8884 1935 6062 6982 2127 1615 4611 1076 3884 2545 6329 7966 2414 1505 7797 2338 744 6436 2874 5495 6163 1233 5024 6921 1762 5776 7601 5187 8980 2660 2162 4216 4595 8224 7551 3075 9840 2162 4151 76 1059 480 4394 3473 8337 2191 2164 5434 8628 5038 929 1143 2623 5954 8064 737 8082 5665 5924 3414 4677 8086 3983 9273 2663 1534 
2348 8855 3696 2851 5283 4755 3331 9677 4580 8020 8221 6744 3454 3201 8134 4384 4344 7109 6690 2408 7846 1124 4425 3770 890 9102 8209 4873 4727 7224 2759 3427 6079 2807 6278 7714 7562 5961 7391 8495 3982 1964 1591 3788 5165 9726 4524 9509 3187 1214 8269 1034 8690 9046 1156 9581 4501 5717 806 5580 2941 3566 5360 5372 6373 1638 3086 288 3952 6830 8783 4286 8794 374 8074 312 6452 2599 6173 9640 165 795 7026 8856 9841 8182 4789 694 252 5595 6275 3193 5513 7987 4918 1887 5977 8004 8527 9929 
1186 7310 567 6333 4036 8642 6645 6841 7593 9170 6481 7758 9965 3507 2966 6159 8041 4107 6853 8293 9703 9480 7839 1568 7467 2757 9807 3445 7113 8334 9726 4652 1996 294 985 2385 5288 3982 9226 2881 3152 2059 6991 9470 5566 9958 5629 9959 4065 2482 4605 120 8315 2444 8041 2134 5201 7848 5579 8666 6183 1658 3318 4531 1952 4303 6916 3592 4637 6142 6473 4142 8201 3464 3612 119 9774 9241 79 192 8075 4684 6664 6390 3480 4705 4877 5033 2554 6808 3699 5089 8466 7018 9620 6770 7673 6537 362 8663 
2679 3187 2805 7233 6652 6417 7352 2778 2010 3783 2970 85 4819 5987 2828 8299 692 7705 3332 9598 865 7032 4687 9332 402 660 2454 4427 7197 2817 3090 6228 6004 2247 3461 9008 5016 7166 1787 7026 949 1109 3464 2121 7096 2644 420 4141 6701 105 3739 7566 3489 4779 6898 3891 5439 5705 8318 2636 8522 7761 5216 878  8 5030 6239 5025 2196 4378 8403 9497 5487 1867 1618 8936 4511 8391 3077 1212 8496 3168 8779 1985 7947 2029 2228 3386 7734 6898 2374 2608 4659 7591 9839 1020 2621 6078 2397 1169 
456 800 666 2295 9020 8637 1231 3531 7028 660 1096 1876 3829 6227 3861 1776 4608 6089 1515 8695 2987 241 1303 3999 7832 7494 5019 6805 3572 3768 7974 380 4568 4993 2676 3588 3630 3907 3472 7010 920 4568 8886 4749 7147 9099 2877 1755 5188 4392 450 4527 4634 8106 8526 8818 5600 9897 1976 5525 3665 6302 2257 4586 1295 4933 8174 1277 5193 7998 4639 6113 8918 9877 7214 6065 8976 91 7821 516 836 4623 5044 1822 2729 9922 6992 4682 6172 8968 6559 6189 5271 8816 775 2918 102 5302 548 5295 
3300 1539 7760 2219 1417 4974 8284 393 1417 2457 7262 2253 7081 2306 427 6162 8580 7420 7196 1104 6388 107 7294 8011 8924 8069 7282 5378 9723 4182 673 3024 5721 4785 1595 3490 9759 6231 236 1176 5041 7498 9782 2122 6156 209 4636 4736 3981 8185 5841 6722 8292 9487 4733 3568 7556 8367 8946 7280 8901 5971 6656 975 756 4603 4465 6867 834 4701 4396 5875 2199 530 4349 8355 739 5338 9444 4721 9875 1637 1443 4519 1124 2528 8088 5032 7248 3386 8664 2501 5710 5320 3476 2818 6275 7942 9686 3462 
8995 434 5689 7547 964 6391 2254 8055 1729 1698 9128 7956 3335 6923 2475 811 5804 6915 5844 3052 302 4508 5553 2364 6181 9030 5182 8808 3324 1220 2270 8671 1654 7960 6218 8970 4351 8473 7026 2432 171 6154 388 9859 3078 2863 7022 8882 9779 9218 8286 6433 3727 191 5149 6260 5573 331 1420 8897 1552 3691 7569 9558 1651 139 8529 2354 8612 1907 4786 5136 4413 1526 1347 7491 4389 8369 2725 520 7588 7363 3305 7667 7555 8454 279 3128 8786 1699 8378 6690 5390 2299 2600 3393 2438 7481 5747 7403 
9388 6885 2539 3802 8411 3886 7645 9153 8607 6723 9673 6195 4086 2979 214 7993 1433 493 1122 6571 2193 5852 9613 3935 8151 2214 7329 6941 9695 9428 696 9084 2666 3235 9238 7429 3473 6883 6582 2081 3606 6256 4628 4045 5587 4843 2038 3372 1688 9512 9944 3881 5364 9557 7817 9867 8123 1498 3161 7819 7278 3857 3255 9944 7093 2493 7374 6918 5728 3956 5351 5687 6564 9980 9732 8503 1175 1770 1876 2863 7635 8172 3097 2999 4081 7266 9219 2205 8764 2380 24 6042 6237 3279 2339 9682 2124 6065 2953 7852 
6373 8304 3539 2938 4636 9623 7793 5811 7746 6021 5027 5381 4193 8124 4732 8275 5390 3951 480 506 6331 6856 2900 2569 6487 5239 8603 8611 1304 1556 2815 7678 9861 2707 6968 849 2330 1113 6661 6428 7135 8040 1809 1328 2516 6542 5955 4258 493 2787 4764 3177 9643 4016 2098 6130 9256 701 1093 6912 8610 3909 942 8471 6616 4262 9320 5298 5376 2333 1727 2511 6725 9888 191 9241 6430 6147 3499 3276 8934 4615 6453 8578 8632 8551 1060 4240 5604 2154 7504 4214 2415 8447 9037 5383 2709 4710 7033 4437 
7043 8760 6948 121 8649 3492 9362 1431 9639 9214 4707 8573 3829 7512 3503 8813 2415 916 9405 4372 9422 6910 8586 8189 5357 7624 3572 4418 8686 6957 5208 2081 5718 2156 2202 719 5648 1565 8502 1639 7131 3210 6565 960 7074 6420 6126 5842 3688 5531 214 3110 2441 8800 1299 4150 2776 1223 4921 1462 8181 129 3544 251 8637 2098 7322 638 3663 5824 2277 794 5386 5194 8107 2461 1615 585 4655 5303 6116 4869 4766 4910 21 2417 9060 2798 9993 3981 612 4526 462 508 4777 9100 2607 8451 6090 2622 
4275 4719 9769 6014 9914 4228 4827 7881 4813 9482 3184 7281 4351 4302 2191 4372 6720 7604 3522 6713 7937 487 1239 8400 995 2368 3852 9954 7171 9942 8929 1446 4661 8698 3812 927 9278 8639 8808 443 8121 8345 7724 2472 2647 9916 3197 5719 7520 3071 2432 5457 3558 23 209 906 8743 4061 860 2266 355 6141 65 5017 1191 3877 2296 469 2517 1105 912 638 9450 8637 9463 8449 4905 2660 4169 8777 2083 2953 586 5642 9329 796 6548 8072 4857 3760 6691 1565 9902 6756 2934 1093 633 5230 1563 3150 
6335 8827 3789 2137 3816 9604 587 8721 8616 4756 7498 699 7709 8085 6341 7038 5233 2889 1463 6442 6650 8154 8007 2904 4910 941 3997 1895 6172 1912 5046 8859 740 5187 997 4556 4791 1584 3278 9759 2692 7128 458 6753 1565 3152 3792 6798 6041 1607 3241 9043 6113 7600 8299 7375 8542 2297 9270 1066 4209 668 9925 4949 5855 922 5858 6998 8858 5488 6757 1550 8968 7216 8304 534 6720 8448 3684 2761 6407 3277 8157 8872 878 6456 6247 9420 5105 1869 486 5667 2538 6763 616 4745 4038 2826 1744 2896 
8314 4853 799 7283 8421 5455 4169 5141 255 7853 4255 6662 1131 8764 5534 2009 1572 8133 7781 6678 6354 4619 2345 5244 1382 9313 9990 1772 8492 8086 4669 6806 9291 1820 441 7713 7275 4610 9206 7530 8816 3461 544 6299 8577 2430 8308 150 563 2441 3180 3269 3412 1877 8514 1146 1190 8504 2919 6034 2942 3940 9193 2233 5760 9634 9946 9387 597 5505 3269 5765 8966 3813 2064 7544 6243 6724 4046 3158 9165 7226 6427 2577 9103 1293 3723 6645 9797 2994 2680 2739 6934 1873 1325 2694 7859 7623 2081 4808 
3128 5350 573 2095 5515 2637 5991 8110 9361 37 7620 4878 7263 4048 3807 2718 5341 3883 9363 1491 6877 8395 582 3812 6620 1907 2858 4480 5883 1292 9288 9011 2994 9862 7458 8510 8851 3449 6620 8213 9838 4241 9443 3453 4641 3251 6171 6334 7134 1887 4177 363 282 1112 4175 6903 9371 7034 7735 5254 8326 7023 4266 7672 3237 1724 6182 2089 1526 9155 6654 1364 9748 6097 1170 741 5700 7341 3427 9186 9228 7605 5902 5863 8717 77 9118 8088 3463 6853 3343 8141 3876 3961 5814 3466 2037 8348 5555 3563 
7503 8561 1280 3603 1010 2450 4344 6711 6143 7772 2249 1724 1729 8151 7587 446 4581 6705 4886 4396 3558 4581 2538 3786 8542 4704 7252 6932 3052 9159 495 6908 7720 8127 511 8731 577 1208 1794 3073 8980 4043 4797 7061 8547 2384 7507 3128 5441 8745 7524 5351 9679 6414 9137 4573 7470 2742 1505 523 1901 2001 3783 5974 6480 646 4705 7058 1854 2851 131 7186 3246 1280 4247 1793 3664 1754 1273 5457 6852 5150 808 6531 7916 6297 1104 5387 9039 2610 2262 7293 963 6045 3267 7443 6691 4324 853 4898 
7175 7336 2084 6773 8616 6332 8567 8632 4438 6192 4089 1290 7694 4897 4173 5611 7547 1630 998 2938 4240 9612 231 1555 5657 9850 5350 8700 526 6204 3598 4053 9892 5683 827 4861 2015 5746 3493 2805 1938 3935 4096 9633 5184 4621 1596 2731 6251 2594 5670 6843 8558 2253 8398 4215 2104 3749 9267 8982 6305 9218 3036 2549 1253 215 7410 9620 5961 904 2425 4251 1191 6521 236 6375 7495 1832 9107 3746 4426 1129 590 9336 3382 8988 3551 1838 9089 9171 7173 1746 4741 209 4296 5994 6776 1706 5614 2737 
8962 4391 3340 153 913 3577 2881 4760 5409 8340 8506 6188 9469 9096 5524 9203 4437 5428 1042 9878 4599 8215 1625 5692 4776 2273 1686 7904 3979 3652 641 9294 8043 333 5799 5308 3910 8680 68 9320 3372 8575 5508 2841 4023 7384 2045 8460 2812 9439 4691 3763 4006 6316 9455 5134 8589 7493 3038 8920 1145 31 4566 5541 364 366 849 4275 5398 7270 9947 5123 2197 1807 7964 6220 9191 6361 1033 2004 2152 5724 2119 2510 2040 1575 7644 6981 5420 682 2253 2918 7065 6820 8459 7430 3538 5660 8057 5288 
9282 8004 411 1479 9811 4728 7700 5354 7441 8733 3710 9594 809 5830 2104 9201 3757 6101 6182 9177 3135 4787 2095 201 1607 6906 7631 1497 8919 2040 6786 8201 44 3549 9681 6207 4629 3733 1561 2071 8818 1624 8017 9627 7454 6473 8828 1211 2574 1362 6740 5710 6149 5188 2263 4109 8446 6246 5606 7365 8286 8744 5567 4682 8646 1600 889 3275 5333 8802 5346 4151 426 3363 3778 4232 9837 8958 5443 8763 320 8536 4473 6469 76 3088 6930 8522 9334 2537 2240 7620 7633 4159 2302 6279 5759 9543 9555 1092 
8346 1253 1595 5124 969 1725 9357 806 683 1152 9569 1003 6040 395 3824 6116 9835 755 991 9170 9644 3231 3142 7277 7390 1797 9909 3149 1340 5816 593 6038 7069 2188 7515 8038 3913 6872 5196 948 4376 1118 8303 417 7865 8479 6533 7700 5586 7524 6870 5230 755 6365 8860 4497 8162 8769 7646 5854 4585 8239 8245 8006 6779 5760 6045 7044 8984 7593 7992 3360 8711 6295 3777 6576 4775 6663 4277 361 539 7499 1944 1295 216 7156 2144 8378 2277 9791 585 3214 4382 8830 1220 7514 4590 3617 4558 3574 
1211 8903 3286 9922 5198 7064 6499 6325 79 7128 3039 618 979 1335 8265 1196 8491 410 9574 768 201 6511 3982 935 5341 5202 8449 6283 5172 9360 6209 6383 8263 9496 6305 9813 2912 9156 6139 2991 2636 5530 3609 3616 6865 1875 4812 1708 2285 738 2476 8838 7250 6458 6125 8943 8012 927 5227 3184 287 1436 5919 4902 932 2225 4715 3844 7733 7206 3187 370 2736 6797 338 5953 5024 1502 7661 3661 2240 6489 8851 5842 9299 4976 4786 3664 5903 6365 6848 2542 7801 2768 7444 5086 1345 2160 5282 5430 
5718 8470 2152 4807 5267 8842 760 6643 344 4774 304 8937 7615 9155 4779 6915 483 5917 579 2739 8634 3779 5281 6436 2899 2726 7874 596 1238 3156 6027 3308 1626 4531 8115 3245 3374 5228 9888 3718 6354 6544 2655 3969 5699 3787 884 2535 6056 7815 5274 4691 1595 555 7479 4494 9633 5353 1443 7223 4861 3822 532 6488 8353 4999 6085 8079 227 5974 1798 6581 8870 805 6903 4570 944 4139 3457 7001 1955 8731 8044 9902 5638 5523 748 1624 7228 2191 8847 2089 6013 5731 4929 719 731 1015 8798 7310 
3341 6948 244 2211 4106 7147 3133 5050 7638 6590 2051 9593 5321 6447 5847 7312 1970 6596 8936 5550 5139 7783 7640 7505 9867 8921 8224 6950 9936 3374 4260 3277 323 4504 5489 4429 8003 8622 9479 1994 1565 7883 1587 6886 682 3787 4198 9005 383 9486 4555 1874 7270 8547 9379 3489 7469 7603 439 7405 7330 4699 7035 7653 5556 2524 8434 9911 7498 4265 1905 9063 8500 9845 2302 9183 3632 2852 8188 367 2339 9095 2241 5961 7643 7973 9450 5112 1928 9889 8869 9258 940 5904 3263 6496 4780 1697 2760 8631 
5963 4665 7694 815 862 6348 9998 4494 9201 4538 1213 7892 3634 9807 3853 1277 7780 3303 2741 9708 9544 1610 8967 484 3867 2230 6981 8647 280 9741 7278 6243 758 1325 7058 1621 4025 3409 2467 3226 7947 3681 1118 1581 3488 1323 9210 1268 4626 1951 7328 4170 3562 2647 1007 3781 4878 7988 2428 1510 4081 6059 7753 1191 3736 1163 2812 7761 924 1632 7340 8872 5313 4810 6805 5153 6134 6016 2773 7112 4319 101 7635 4233 2749 8642 8014 3979 2982 6795 5489 7063 9206 9594 4606 2942 7109 3771 7055 8034 
5403 4395 3258 7068 5558 6415 8573 1692 8783 1346 5156 3103 7799 2791 7336 6900 1433 1703 879 767 8498 2720 4182 7704 8666 8789 6998 5776 2560 4053 162 4315 4801 9772 1383 359 6187 9956 8403 4971 7654 3559 4426 5453 2703 1762 2354 4136 3465 9585 4904 8315 8658 9086 6019 7324 4227 9369 9452 6787 9775 9614 1102 928 5738 8837 7639 1926 5145 6042 3249 2799 5953 7675 8253 8656 5789 6959 9145 5607 2896 4049 3922 1554 9487 6294 8879 67 5663 8331 6854 1790 4298 4309 2718 36 9498 357 8314 4644 
2751 1563 7443 8705 5590 2048 7361 1380 5359 6506 3339 8256 6907 7261 6162 2747 3555 1393 2814 5571 9725 6020 7361 375 329 6432 6763 9828 6789 5078 824 9541 6641 4619 4598 8584 3020 1959 6316 8379 4818 9655 2987 1725 6916 5502 4472 6824 6895 7286 2395 6620 3307 6108 3347 9988 2540 111 6168 5682 5189 3344 1575 8182 7964 6173 6766 984 4484 3082 5715 9302 9089 5055 1028 6006 557 1852 2830 7452 5491 1577 425 5150 4037 3772 1490 6578 3883 7659 8612 5424 1003 187 3607 5319 2712 6725 6303 7196 
6160 8371 2851 5249 3426 231 7607 3983 2083 6789 7787 3926 8366 8212 5428 2404 1985 6919 5334 2220 930 298 3997 8285 6837 3956 3605 9549 7033 6260 3097 3193 4631 2300 4795 4409 2531 2402 4744 967 9192 2532 4893 3910 7096 6674 2666 5433 3593 4352 4006 875 4650 8003 9160 1487 1959 9117 7388 8992 5378 6838 8538 6361 9138 3333 7123 1670 2087 8219 2637 7631 7103 3882 1542 4200 556 4208 9633 501 8561 3639 1376 9563 7994 6889 1051 9953 6006 4791 5298 7736 1629 3836 450 7120 3521 3925 8790 5608 
2144 7779 3240 9248 8013 1134 3448 4922 1694 9433 5423 255 9425 3152 6171 7419 6393 3574 7373 8751 8365 9023 6488 6347 2859 3290 9819 2732 3567 8609 8340 5711 2740 7932 1311 7105 5418 1111 2027 7113 6897 3803 3720 6322 6955 9891 3741 3348 3465 1114 2099 8183 6489 4939 882 9348 4581 701 2080 8148 5662 6773 212 4754 1057 7875 1859 6476 8987 3887 9941 5884 7690 3661 2206 997 9905 2299 697 9722 9766 9148 4257 6255 4088 5139 5604 5021 2192 4036 9522 7854 7161 6086 2608 8219 3961 820 1047 9300 
4707 988 5184 2397 4649 3742 9746 906 2394 443 629 2160 9591 4886 8415 31 6378 371 5053 4922 4408 927 2777 1569 7013 1737 6140 974 2557 7187 275 3616 8175 1811 2365 9177 1906 2111 83 4300 2554 7064 6460 2146 8303 1227 8529 1033 1599 3582 5955 2359 861 5084 3928 7874 6822 6421 8849 5731 3608 5476 9348 1784 7287 1713 7313 5545 3825 3748 9845 2731 813 2657 1229 5468 3885 9759 6501 5484 9693 2456 7843 555 7541 8123 8429 715 4544 7278 2798 8153 9106 8498 6289 6394 6564 9954 1939 6741 
3702 8137 9472 867 794 702 2687 4679 461 9188 6515 154 7997 4358 7061 1890 8834 5491 8957 3378 9121 1755 7883 8228 254 524 974 6818 478 9265 9911 533 7402 9383 7752 8197 85 440 9228 6898 9628 5744 3405 3977 6454 466 5867 1640 2309 1176 5019 1431 2932 9254 9659 9538 9779 633 2708 6609 9898 2619 3494 3653 8354 1247 8202 8440 1687 7430 1690 7667 9526 1447 1645 2333 8266 3864 3973 575 5041 5344 2006 4325 4599 8017 3863 730 5002 2923 3691 1253 5542 7186 4906 3896 8433 3108 8688 6472 
6890 6731 4139 6417 4530 2136 5102 2796 6001 9075 3372 7394 4420 1730 1719 5371 9748 5582 2453 4750 4857 6144 6003 6751 9682 7261 647 4467 369 5688 939 7260 8771 1431 29 3301 3567 5131 6098 5920 4206 5822 3314 4978 7552 5033 349 7300 6967 9154 8403 8176 5299 758 4927 4981 8020 1927 9449 8389 3967 6740 2001 2738 8171 2030 2391 8091 7161 8489 363 7720 4311 3678 2698 8216 5063 9400 1868 8383 8554 271 6559 205 1030 7839 1539 5402 9766 7340 3791 3733 4080 2145 2823 8604 4175 5214 3047 1337 
56 3410 5409 719 3440 4459 8935 8504 211 804 3239 5118 1075 6150 5323 8457 3989 6862 211 107 4202 4003 192 4635 6148 3015 9591 6675 4582 2638 4364 4638 6048 9773 5357 9489 585 4293 4345 796 1449 3936 5914 8876 6438 7590 7334 6780 4452 3897 6887 5007 7900 3432 5994 400 6447 5585 3428 1029 8223 7792 2019 623 3918 7377 6464 4503 8022 7161 5299 9471 1097 7566 8347 3888 5156 2033 668 5960 5931 3907 967 183 7339 3313 6936 139 8898 364 1168 3473 4508 9540 4097 8426 6917 6913 9281 4939 
4075 4581 762 1524 8499 9109 5412 3655 1143 2432 9615 3426 6340 6935 3609 3679 248 545 3818 9147 7261 1339 2620 1770 879 3069 6548 4148 9983 5830 5439 410 6763 6201 1934 5262 1662 3699 5269 9157 6131 4884 2583 2471 1819 6193 2503 2068 3090 6321 7567 352 4012 6539 8474 4891 9609 5022 9039 5944 852 830 2706 3967 7031 4640 9229 8694 4691 4498 7851 7175 5735 6787 5998 7554 2980 8501 5974 2422 1175 3541 2774 5187 81 1248 6431 6042 2623 1822 8338 9827 2653 1044 3795 6036 2036 3024 1082 6728 
3875 5286 255 9610 2073 6253 3516 1405 1107 9491 3827 2282 9384 2954 3821 5817 554 6604 1859 3177 8427 6549 3005 7432 7593 6800 3468 9630 6176 903 2710 6403 6189 2965 6013 8262 5570 5882 6019 6677 5373 9846 5311 1109 9152 5485 6927 9707 2089 5138 9236 6868 1688 2241 4300 5633 5393 4121 5263 7922 5024 4325 4325 1213 3642 6691 5827 9213 2573 1846 2242 4298 8044 3906 5407 7197 5743 2334 3256 7832 7473 2492 1053 5513 1086 1705 1146 2831 5826 2762 753 850 7087 1431 8415 730 8122 594 6295 695 
2440 4889 4993 6837 5147 6752 4034 890 9087 7290 5075 2912 6134 6128 4777 7220 7833 5923 52 12 5037 7157 862 2125 8588 5630 9207 3062 6224 1854 109 5017 3095 1454 1854 8243 8207 2240 9133 7294 5882 4208 6558 2016 6688 1335 9237 874 3610 5641 886 8648 2798 8100 7125 7739 3730 2684 801 6307 4538 911 1324 7633 2365 9530 5876 572 1770 1362 4218 7652 1922 776 9668 8611 8463 5257 5837 2074 7250 6723 7074 6401 4823 4199 4140 4906 6883 4941 1213 7773 2204 2537 1758 4570 2067 3987 1494 189 
5349 5713 4193 7271 2841 3861 2234 7657 5471 8071 6083 9073 1146 3157 5474 5970 3708 9614 876 591 908 8441 4716 3112 7330 6474 4034 9397 461 5529 5938 2162 7594 131 5786 435 344 8020 4444 2167 2444 527 1241 3590 3684 6715 5912 3744 6330 3140 687 3590 1581 5403 6702 8911 1878 737 4660 8691 2618 598 854 212 7081 2992 6999 7426 1012 1444 9593 9808 1971 834 9751 2008 3902 5663 5752 6584 8804 6440 174 385 1843 6876 5649 73 3965 309 5117 2935 908 2323 3147 7989 5315 6499 1767 2679 
7943 1361 8840 6266 8547 8591 8274 2449 4254 379 5385 9410 6819 5559 6148 5014 8788 1797 1440 9105 2106 6557 2041 9366 8880 1540 3708 547 8039 5475 3226 5982 3188 2066 8601 8088 7009 6875 6889 1264 7254 2275 7026 425 7834 3174 5440 2974 4971 6880 2080 3430 9789 4121 2796 8669 2013 6504 5568 53 8332 5146 2387 7872 7213 988 5960 4222 7864 9202 1838 1470 1477 5217 1896 5663 8391 3688 8638 9715 568 718 3145 357 1191 2293 5378 3204 5150 7298 9609 3482 2444 1997 1354 9657 2985 3667 232 7201 
2869 8422 5024 698 3639 6920 6361 8383 608 1351 8098 7528 2069 7595 4237 9612 9888 5967 9169 5038 3265 8778 4872 5709 775 2579 1719 113 2598 1951 3666 5467 6725 8690 2517 6717 1962 8878 1452 8922 230 5902 2802 8651 3497 7039 8264 9737 3006 3785 1128 6271 2563 2352 1981 9691 4931 3700 6156 3881 2003 9822 9348 5080 4865 1865 1797 3179 7096 9601 2102 3678 5503 4904 2329 9000 8296 6945 5090 1302 730 6218 3926 9646 8570 2259 9337 9854 2311 1845 3735 4314 8019 9436 5746 2884 7653 3896 6064 4749 
3497 4518 4779 9001 5774 7109 8001 422 406 3091 8077 7489 5661 2003 7135 584 4262 2824 438 6573 1021 525 7239 9040 9961 2985 1925 7615 6881 4341 8716 379 5211 9848 5732 985 3309 3733 1408 3715 3177 5837 7556 5190 7840 1043 5774 8454 219 2564 1379 1240 3090 8618 281 3051 7955 8558 7018 1189 9251 2087 7920 4462 8287 3652 1799 1596 3737 9559 5311 6914 5396 9220 8457 9588 263 4231 8042 483 6796 9421 8075 6238 4391 8356 5641 2347 3266 2660 9888 8869 1099 7808 3331 9386 1460 1483 7334 5197 
7394 2645 8464 2791 8217 6921 8731 8481 1152 6774 5316 4300 2547 3391 538 3291 8100 6180 5638 7718 5192 1878 6588 2643 9686 6271 8381 1146 7754 5715 2695 5149 4712 1159 4292 2930 8080 9375 1411 5585 2501 3079 9885 5049 6470 6776 8340 4570 2956 330 8641 4500 2208 5229 7143 8246 1500 1876 9392 9255 7591 8439 756 2303 9599 1400 1585 4031 775 9348 9616 3277 2427 5854 4678 8898 2630 9370 9820 1938 9700 8461 6438 8260 42 9933 6506 1543 1809 2250 7150 9400 689 4258 8055 6640 5658 9641 672 2785 
8989 288 2414 1417 2494 3444 6667 1476 2814 2839 3414 8866 7653 6204 3478 7695 6137 9984 9238 4298 8586 6388 50 5628 6998 8106 2268 2656 4099 2940 1794 3088 9581 560 857 8427 4005 3876 9904 3171 6716 3318 2038 721 9523 5516 8416 2012 1853 4007 2663 6791 395 2713 2419 7394 819 1040 6402 1270 332 4548 711 9913 5109 1568 8341 5466 1797 4597 8637 4865 7915 7027 5586 3790 8896 4002 2155 7101 8009 4818 3892 4757 7531 2664 8503 4703 3704 1257 5973 4036 2158 3036 302 7267 957 4995 9085 2754 
9592 7722 7619 3859 4750 9557 7650 9998 9911 6157 7099 7921 975 7343 9030 4858  7 3885 5913 63 1494 8239 4100 3652 1275 4402 7271 2232 5749 6356 4986 5341 431 8957 5552 1533 8514 3202 1531 8426 5711 8630 2699 3038 5973 8081 7897 2333 8318 3810 2396 9812 8401 6496 3465 9677 7250 736 1909 9351 3445 3248 4692 3876 8557 245 5409 3424 9799 6940 8202 1863 1922 7253 4901 7895 5334 9150 228  4 9313 2625 9816 7714 5473 9633 7391 9076 6722 5653 8427 167 8901 9472 4043 3810 6069 5804 7234 2220 
2744 5436 4083 4666 2689 8985 8913 4375 8135 5494 4379 3800 4471 548 1515 6296 181 8906 5372 3255 4559 152 3422 9812 9624 3817 3623 5693 9621 7209 7913 8717 8998 8349 9735 8039 7334 5001 2415 1821 495 3146 5622 1318 3694 3489 7614 228 2395 9339 3483 3307 9491 3258 9471 9115 7075 9446 1160 3049 6656 5425 8118 2006 3774 7854 45 7460 2855 2460 5634 9702 1959 7608 1020 2005 1097 4986 2233 9844 4325 2069 9503 3816 1679 8975 9283 8754 4773 443 8155 7781 5869 6274 9787 5995 480 9833 3456 9687 
2293 9090 9389 604 3050 6761 2610 4147 1747 1195 3991 6073 9616 9847 6241 1295 8822 5525 6402 3595 2320 4557 7729 4541 7183 7516 537 4015 7349 345 3702 5995 5787 9443 6599 8837 2556 5561 2984 656 6757 3327 3081 6373 3174 9322 7669 8348 1199 4071 8296 3520 4980 6025 4413 8516 3541 1302 2531 891 1647 2586 6886 7434 8381 9837 2623 7290 5399 1959 7946 2156 5287 1027 4881 4813 349 8902 3162 7901 9325 7810 7773 4306 3835 2186 9174 3728 3489 1705 4619 1488 643 7857 5275 5377 4047 7898 2667 9446 
9858 613 7954 1497 1640 2835 6310 8341 1738 5824 2594 1063 9986 367 1721 3821 2554 895 7550 2395 8953 8521 235 5948 2731 5510 1325 6778 3409 344 6224 9619 957 530 1116 8949 3365 3778 3643 1455 5955 6237 2519 5941 2957 592 6115 1863 1488 17 4258 6793 4890 4493 2741 7621  4 419 751 9765 763 3327 5736 1721 3857 6852 7022 7223 6982 7017 8678 2937 9607 7549 5231 2564 4494 1346 4427 2334 1363 8685 9127 6253 9530 1868 227 5886 2287 978 2003 9403 4306 7739 7476 8163 4591 4498 1738 7926 
7868 6769 863 7475 670 6094 39 5164 3792 4466 7498 5155 9503 6625 7761 9033 4846 7988 1272 3485 5318 3275 2888 9624 1015 364 4140 1958 1215 2230 6236 9083 8999 3452 6558 9670 5898 6597 4834 9691 7415 8685 1198 6918 1662 8959 2303 6508 3299 3575 6346 4970 3203 5586 4594 570 2303 5086 8880 3518 7317 5117 8953 6316 8569 5511 2338 4467 8460 3525 4158 5875 2210 1709 9145 3872 668 1448 6733 320 1376 9431 5290 4579 5017 6236 1501 7320 7675 381 7190 1344 5498 6143 4012 419 8006 6351 4887 6466 
9876 5397 8693 8438 3458 7838 2310 4127 5639 5395 799 7015 1178 2441 7946 6196 8677 9447 9868 2704 9828 3411 4048 1679 5906 8061 8450 3913 4412 9689 6731 640 5087 1777 9078 4897 5967 7740 9024 1606 9488 6175 4973 666 8616 2919 3214 3646 8718 9435 6350 8547 2846 399 6578 8752 8460 5028 9017 9224 4718 2101 9864 6157 3878 8942 1054 9845 3034 6431 1452 2522 8958 6425 3189 3927 5697 6403 7573 4415 5838 275 9314 5036 7026 2244 141 1838 7273 9158 1062 8343 1259 7278 852 5137 2572 8258 1335 5607 
1041 2787 8129 6352 5564 7670 279 1261 426 4204 2029 6264 4479 1343 1301 7858 3588 7794 9696 7213 6952 759 1908 4564 4389 9112 9701 6962 7370 1036 2569 4764 175 7050 1116 2092 1073 7747 3353 1499 1951 1734 4115 2782 3078 1768 640 3018 9562 337 6583 6515 7448 8491 1079 1837 7603 7132 5151 1325 4521 4072 2441 1048 7475 3557 3140 8548 7656 2846 47 9607 4580 514 2390 4010 2283 3030 3380 1845 9719 9963 4712 3519 4806 2143 1709 8761 5628 6860 6439 6501 933 8880 7549 4760 8790 7042 3308 6446 
9888 9707 2406 820 221 4796 1183 2504 4178 915 702 250 7231 5414 3769 8389 7558 5478 7151 3186 8691 9942 9687 5976 8822 3588 736 3964 630 396 6763 6870 6455 9169 4043 6676 3965 1578 5533 4495 2493 2587 4745 6076 8001 4867 4466 5559 6697 7969 5097 5388 7911 1136 7716 6733 4725 4804 7050 1707 5200 3813 8578 1655 2982 8973 4684 3299 551 6569 7794 9396 9156 8892 5473 7157 3759 6291 9069 456 4260 518 2197 2171 1655 9913 5256 2732 4718 2306 4439 6270 2471 9369 4278 5453 8342 8962 8752 5245 
1883 2899 4642 1039 1791 6467 4548 5550 2758 9969 2358 7018 488 4555 9189 8495 821 4445 1227 1891 3104 5666 8161 5575 5036 2439 7381 3378 7753 6133 8624 9636 5384 9618 7027 7175 6085 1576 9077 5195 1545 1436 2213 8385 2343 7754 6880 3164 2199 8107 5055 1655 3774 9569 7231 5162 2008 4612 4892 6114 7097 3516 5750 2482 9486 2778 9657 1923 706 5087 7118 2251 6523 5683 6989 8866 3437 3869 8383 1989 1977 3438 3644 2103 3007 7227 7265 1368 8191 2157 7482 5289 2026 9584 4123 7864 8714 132 9788 9420 
5219 3258 8024 8094 8942 5013 6961 2379 5234 5344 720 7211 5134 4365 5666 4494 7944 2931 5862 6136 1441 9696 7777 9819 5632 8252 7683 4347 8384 3823 119 9956 7082 4495 8050 6024 9508 1363 4755 4743 6707 5476 8306 8194 6193 3973 2688 489 3256 4902 2977 1049 4598 754 868 230 5358 4904 929 95 8727 7401 51 5809 1896 8101 8185 7757 9465 2941 2500 2524 4769 7158 718 7314 7483 3406 7803 740 8308 781 1789 9258 7887 9010 5841 9598 3914 3122 9693 2641 523 9744 8451 2420 4197 2988 177 3662 
2281 9029 2539 7050 2539 3257 716 23 3016 4872 7115 7676 2005 8904 6935 9892 4266 9128 9490 8180 2250 5535 822 2774 5279 5625 1546 9477 4965 1723 9491 7247 7104 8382 649 9643 1640 1366 6018 1008 6238 3133 8684 8243 8390 1971 4487 2656 7451 330 837 9702 5865 8011 8828 7497 9988 374 6974 4953 8449 2817 2200 1905 1200 2850 1548 9192 568 3919 6552 6806 7052 1588 1401 5442 3560 2240 8099 7363 8922 8936 7065 4788 3299 2245 8637 3287 2619 1963 8240 7420 4780 6793 9325 2332 9643 7226 1524 6563 
1145 8076 9721 4549 9665 1122 9992 9577 9714 8091 6940 8637 3379 358 9777 6678 2603 8414 6317 1575 377 4557 5347 1509 7702 1025 3842 3697 8251 1718 260 5748 6147 9981 297 2164 7455 6641 1741 7170 4732 5033 2159 4463 1743 8288 7493 4347 3054 3810 2274 9783 4720 7621 1292 2422 8646 1486 6120 3249 3205 6380 5349 5704 2714 1999 7868 169 8640 5961 3691 9725 994 2202 4188 2738 490 1682 3437 3544 1844 2063 3327 6564 9684 972 5339 4683 2458 1459 7932 2015 4191 9634 7719 3257 1633 5587 9779 6625 
7900 3470 6350 8895 2025 6891 7985 2515 4925 7774 2412 6769 9837 2091 9686 5873 3063 5025 556 5522 2836 4841 3889 3379 4475 7961 2989 2460 9900 2768 9085 7801 2590 1788 6696 4615 8679 1033 3483 3604 8807 5895 6725 4996 7986 2763 869 7402 7788 1426 9276 6976 6267 3165 6708 7094 1126 9697 9554 1027 2465 4991 8828 5055 6779 1876 6023 1810 9261 9506 5414 4420 1753 8492 9416 6091 1255 285 3493 5396 8063 2769 2372 682 5935 5432 4128 3413 5129 3682 792 3946 5026 5972 5354 1805 4200 1377 3616 3461 
7235 5382 7881 8988 3874 3649 5079 1482 287 4925 6878 4702 7694 5602 5385 9981 1035 9513 3395 2516 9548 4187 2815 4574 160 8169 2731 4360 5898 2699 4174 3133 8082 8407 8473 8308 2057 9904 6142 8696 4829 3020 3398 2524 4975 8783 2505 2362 4649 5900 1230 4197 6440 4045 5123 2952 8566 4206 7312 4464 6906 7838 3949 1340 6246 2422 9648 8303 2327 5791 3351 3508 5163 6749 6032 138 1885 8538 8852 6534 790 83 7083 3582 4128 2206 6534 9047 6412 199 9863 9670 8037 3813 1010 4283 2587 659 8938 1266 
2802 2289 4775 4317 9039 7159 808 924 2049 9660 3810 2840 9743 893 6422 224 9451 9309 5623 2215 9508 5486 1886 7545 5651 2896 8181 4591 9907 7119 2209 9061 5761 3336 3379 1152 496 4187 8428 2545 199 2238 1737 6295 9483 4512 2871 8934 3821 8494 7501 3329 3980 9387 7226 5984 2284 5407 6927 8543 2527 9136 7605 8288 2473 984 5792 9321 1523 4220 1866 1722 6458 9956 8017 5941 4468 888 1227 4641 9382 8728 4322 9715 4468 1548 2051 3104 6956 8978 1647 5835 8114 9252 475 6939 6588 6267 6260 8111 
487 4479 9834 3297 4435 4203 9238 5255 5092 6817 9896 826 1897 570 6893 6365 2118 8944 9469 9074 4274 1117 4909 8741 6721 5384 5680 3310 8003 1941 7773 8490 2772 3959 1787 3559 8163 7377 8814 9607 4194 5062 6785 6092 5632 3679 8809 7750 8975 8279 3177 3250 5748 4438 1991 8821 6175 4023 2131 4178 2316 6257 2669 5088 216 808 8647 4731 8186 3813 4338 8732 8875 1124 1176 859 1155 9986 4962 6482 4617 8139 9732 6717 8929 8075 5538 5104 8451 4022 9283 767 279 8304 5856 495 5464 855 1579 3650 
4669 5917 8735 3544 3393 6263 756 900 6249 5718 7383 7218 209 3467 3935 9138 7895 9474 4243 6346 3496 9878 7113 3775 4534 9321 622 9998 177 8553  1 4846 823 5088 4742 4216 1351 5498 1469 7601 7568 8852 1171 7777 2319 5107 6916 214 933 7511 2912 4429 3741 26 4556 8275 9347 1530 4625 5876 84 978 722 907 6066 1817 1475 7418 7315 2944 1371 4884 8148 2542 9013 6820 4001 5929 3386 4934 9792 6299 9363 3533 2677 271 8160 8376 1802 2786 4253 8238 3764 1327 9145 9831 3144 6972 7249 6812 
6269 4972 8048 4417 7514 7061 1237 1516 9343 976 6450 9135 7275 2166 2669 9952 2437 829 8328 591 9967 8933 8829 3732 261 4326 9915 3405 7651 3516 6569 3920 8488 4617 4689 2354 1679 5927 3870 7374 3255 6673 6509 530 8839 5530 6834 7628 2712 1514 8220 2679 448 3401 2763 709 7728 2678 466 5379 2546 7036 5651 1034 1653 340 3389 9684 2619 3611 7058 5874 284 9920 6404 5475 5450 3238 9456 8162 4753 4028 7194 1553 7429 9957 2262 1509 8988 2728 6888 1534 6116 8891 8921 7770 9232 2310 3806 1851 
2273 7217 7726 8910 7137 4130 737 2587 3721 193 7102 4826 4221 648 6379 1651 6957 4993 3160 5945 4073 6401 3832 190 5292 9105 4312 876 7767 8118 2728 40 5335 454 8950 2472 936 9688 1412 1009 6233 4866 5835 6807 5514 8566 4810 2471 3559 4322 4769 7633 723 4953 7823 2368 4058 2135 3244 1825 6605 2324 8217 1941 2778 7168 765 3715 3208 2177 1076 5793 3395 6912 2600 8909 5478 7410 1381 5390 1733 2502 9375 8808 7455 7198 7528 7865 5685 7125 9690 8642 9449 7907 583 2228 1427 7701 2295 987 
6230 3371 3133 9626 6635 5733 8535 8466 9496 6268 208 7581 8770 9583 2741 2577 3133 270 442 8818 7395 6484 7460 3196 744 4396 1776 8523 8449 4071 9511 4679 3795 8996 4305 6782 1081 9193 5248 577 5461 5456 4510 584 5039 7252 9513 8172 7522 6308 3342 1269 2792 7155 4465 3536 7903 6242 2060 6352 6665 7923 1031 6812 3271 1689 3595 4352 882 5195 1282 2695 7004 5792 9631 8395 9396 5497 2920 3270 1805 6262 891 4597 9769 5357 4486 7672 7951 2898 4024 968 7173 1408 4133 444 3097 7728 1148 331 
9275 8782 3026 6279 927 9010 4675 323 4507 7595 3594 6312 209 4485 7261 6331 6194 8099 4003 497 997 4380 7818 4522 2140 1951 1318 5237 9679 8819 1920 5306 7601 1298 1586 8528 308 2613 8852 1167 6560 8798 7479 3121 9635 1093 9452 5830 9192 9808 2679 6542 4188 497 7416 6328 2448 5087 7917 8479 3906 9837 138 1507 1135 1724 36 7796 4337 5240 8963 7249 4038 2795 370 3673 3888 9823 5855 9432 9631 4887 2326 171 5384 6095 2851 4185 1182 7120 9016 5088 3309 9154 6595 4444 7230 2983 8592 7919 
8223 7556 5168 8613 6703 5539 8639 6943 1714 4494 6375 7697 5733 5054 7868 1118 1149 7071 1655 8683 4191 7023 3771 3852 2530 6718 4648 9760 6054 3241 4032 629 7149 9200 9243 3852 1091 4234 795 9157 5080 3522 6854 814 4928 1074 1932 2429 8145 9939 1112 8688 6962 4883 2540 9492 7954 3541 5605 4008 6782 9637 989 3931 5189 232 4135 2633 4466 4930 1790 9547 4804 8645 361 9733 9719 8645 2162 4217 4936 3275 9257 1898 4510 8150 7743 8816 1691 9700 2824 4825 9337 166 8756 878 398 9243 3511 1217 
4173 5302 7116 8977 3947 3829 5062 18 8826 7225 587 3762 500 9845 2012 1362 4347 6107 179 6038 5807 9355 7215 1496 9521 2323 2375 6272 1566 5886 3841 5739 1188 7309 1068 1487 7490 6131 7858 6316 9708 8445 6430 6560 4642 4794 7922 8989 7254 4453 1379 3061 3809 4946 910 9682 7269 3285 5954 8835 5523 6147 926 6712 3456 1995 4551 946 4478 2409 3614 4186 7207 6396 746 8201 1191 5020 3543 4797 9474 1274 7858 9635 6221 8768 9317 3490 8405 1624 2326 3929 7771 3252 6993 7580 1599 1544 4878 2429 
306 8493 2967 3865 1241 65 2066 8784 5086 5609 3581 4560 6884 1440 547 3105 6560 9864 6595 4966 1488 5273 5247 5612 4878 2240 3192 6477 136 8070 8907 6794 2915 1874 659 4157 1940 9078 2941 3378 1039 6523 4290 7923 4315 4837 7380 7227 1053 328 8545 2542 5601 3792 4506 479 2384 7698 3309 2521 2120 8568 5667 5036 6794 6327 9193 5086 1757 8486 8464 2796 1361 9106 720 5676 3943 4452 9256 4997 4780 7801 3891 6734 7946 8397 3565 330 6095 3226 9203 4567 1794 4871 9603 8589 7550 5148 3675 9307 
3635 8492 2103 4996 7598 9175 7025 7894 3628 2633 2891 4760 434 3134 7846 8380 1531 7764 5063 3978 990 4266 8545 2785 9137 4501 7726 6687 9649 7753 2346 9636 2597 4450 985 6548 9977 4362 4442 3605 6995 3685 4718 7429 6819 8916 2162 4702 6680 7225 5032 4023 1491 9929 3160 6981 4430 886 20 432 4991 2367 68 7589 3169 1053 4137 3146 5415 4931 3104 2410 8616 4174 6192 1787 3090 8354 2841 6123 1931 7873 6498 3422 4154 9658 6755 8585 6896 3128 9017 1887 1847 5437 5828 5016 6491 6317 4514 8258 
7600 7618 7021 2568 8144 3213 707 7587 7919 3548 3710 9850 7773 6560 9624 1928 6218 2732 6865 3114 5860 2234 1353 7707 7671 3534 9075 514 6203 3589 5125 3804 7560 2146 2724 2056 1711 3432 9643 5982 6980 9705 2184 1106 6265 8160 9386 8835 892 6251 8301 3104 4837 6007 7163 2508 9541 6238 9375 2096 6180 4500 2252 92 2998 4977 8500 1061 8409 8144 3395 1741 4201 5579 9199 467 3739 8585 9302 984 1188 3956 4088 6025 9963 7604 4886 9504 194 4261 7952 6374 5113 205 2818 4463 5182 1319 5524 9943 
5815 5271 8036 16 850 7236 6835 941 5821 2490 1925 7010 6446 2366 9387 6409 6322 4273 2265 6516 4886 217 9243 9999 422 2061 814 1956 9732 2690 8251 1899 7961 6288 8268 8811 9876 5103 6105 2049 7593 4382 5411 391 3100 4799 6800 9422 9072 9065 5939 311 5635 5182 6662 6057 3595 7477 4366 9680 167 2617 7931 8129 5257 6199 3292 5133 1303 5749 7183 5248 132 8946 1992 3232 3745 8792 2655 9170 4210 4946 9481 9845 6480 6143 2254 6427 9972 2972 6107 140 5590 391 4621 7199 6590 4265 8685 4245 
15 2220 5846 147 1166 7838 9731 4912 2982 8738 434 7192 36 9915 3389 6516 2410 1996 2944 2383 4968 5403 8875 6910 5794 9848 4110 8737 4113 9147 2982 480 1367 8828 6979 2533 3018 6711 3797 6001 1801 4231 9545 1838 498 9287 8354 9261 1283 7650 7996 2603 3054 3223 9514 5200 3071 9976 3937 3536 9123 3272 369 6842 8452 7348 9375 1471 411 9525 7472 2213 108 3369 403 6959 2656 8757 6220 291 2760 568 2895 2166 3791 2409 7366 3214 8737 7656 6750 7860 928 7119 4702 9380 820 429 851 1231 
9954 4675 9796 6415 4397 199 3374 3405 8957 9594 3697 8069 6514 6592 235 305 5353 7601 3519 4090 1609 6621 8302 2537 93 9356 8270 913 9785 5473 2144 6092 6501 1941 2507 898 8492 2233 4303 3801 1827 4352 1870 8341 944 2105 4998 6297 6059 4869 6739 7668 1490 5041 6558 1583 749 1180 8848 6887 6653 7345 9331 9506 5638 1838 404 4130 4071 1060 7932 2250 5412 9802 6943 2709 1908 8293 5358 4319 3162 8450 1987 1004 9843 4897 8940 593 6077 7788 7480 9083 1485 6811 8589 7123 5001 5346 1254 5424 
2758 5538 4026 8170 5340 7321 7231 3600 5614 2590 7919 5128 1040 6259 6132 883 1156 1424 7828 3586 5565 5308 2669 7050 8471 1258 4174 3472 6604 1780 5248 9362 7318 9274 3885 9010 6595 7468 2611 8561 58 6882 41 7450 9493 6174 4686 650 3950 2514 588 9515 4175 3257 2918 8998 867 7092 2471 3824 5224 4071 3186 2542 3346 3423 7904 6293 892 515 1207 7302 3750 1248 1105 3243 3774 2143 245 7725 1009 833 3592 5184 442 6510 4183 1310 9954 3006 5134 5178 3429 4672 4072 6775 8096 1977 9421 5340 
8844 6980 8994 8946 8228 99 2190 8355 2242 8787 2432 3252 9621 6024 4788 6415 2535 5323 7725 8841 8329 9211 4020 1759 3884 8092 4886 8332 6421 659 24 5266 3991 9018 564 2220 9118 2754 6927 7712 1542 9359 964 7515 5383 2105 282 4270 7428 4360 3112 2110 3571 3484 3869 3807 7928 5107 8491 4350 2119 8515 5968 6110 3886 6532 4682 9356 5639 1609 7068 3533 7320 4385 1048 9056 6490 7682 3326 270 2042 2790 2380 5614 6274 2601 5773 555 7709 4265 4905 6180 2780 7225 8642 3018 109 3325 2374 5748 
1286 9443 9281 8607 180 6681 7663 6670 4364 7341 6940 6406 132 9321 8372 2758 8274 4146 3313 2335 8411 4570 8515 7543 1795 7158 562 8257 6835 9288 4005 8121 8731 9639 6728 8911 6320 743 1933 7036 8085 5226 9795 4569 4547 8167 3679 9173 8665 3345 1509 3428 7915 24 7324 6063 3534 7886 4320 369 3526 4677 8491 2258 4316 1571 7521 6989 8667 9455 4025 3104 4681 3820 7673 5580 8340 7704 4753 7005 1049 6262 434 8965 2639 7758 1380 2525 1996 2052 2895 5522 6729 7738 4132 7398 5661 1654 4387 4328 
7461 4764 7432 2142 8585 1457 4074 3277 9162 5179 6634 211 7794 7068 5528 433 1178 3260 2958 9526 5312 2205 1401 8394 6295 5533 5792 1957 3539 6531 2637 1000 1295 70 9494 6232 7879 3568 9509 7041 5100 6144 3605 2894 9564 5485 9679 7095 8746 8989 6621 410 1195 8022 8804 7490 9908 948 5799 3447 7479 8437 800 5127 4859 294 1359 2738 215 7221 6132 5315 3365 6089 4561 9281 1574 4240 6376 6672 9581 9350 7083 7128 3724 2239 971 3632 3188 6770 3432 7019 5207 4232 8498 6418 878 9858 9157 7445 
7079 1641 9112 6796 7730 3673 6077 9304 4265 8806 5977 3847 8156 9412 975 1880 1651 1946 1865 1191 5069 5297 4563 276 5881 3061 3047 6759 9271 2204 4205 6350 197 3317 3146 7927 3343 5576 3583 7608 4382 5912 7807 2538 1676 8783 770 3328 7081 2635 871 2150 4284 5434 8779 165 4848 1826 3277 4119 382 3834 6822 579 3503 9968 4858 6846 1896 4793 807 2630 706 8614 1520 2382 3749 2291 2062 831 1278 2934 9333 5563 4720 8112 2080 5920 9938 5357 40 6672 9191 3214 3603 9047 9534 8461 5893 1431 
3255 3052 4061 313 8019 5582 9047 1768 4225 7462 8951 5503 6748 8285 1066 1468 2749 9499 3741 9040 4856 133 5712 400 3347 9316 9447 2881 4129 1692 4312 7384 1097 4726 4049 9116 308 9449 7236 4533 6911 6188 36 3659 825 7455 1479 3574 6954 5220 2614 8162 5353 4679 4914 8700 3995 713 1582 8124 8758 2246 1861 9855 6972 2262 5323 3632 1711 2559 4517 8622 5099 906 8633 5924 8361 113 9499 1667 5333 8465 6181 7039 3144 1096 2091 3491 8161 25 7968 6919 2272 6181 6774 5596 4795 8449 9229 6507 
1009 98 1481 6108 1004 6467 2033 5717 6580 7884 3736 8265 2701 9918 5304 2198 7366 7396 2041 5527 7421  9 8799 6045 2542 5573 1642 7338 375 7223 197 1384 7321 8030 3844 4678 4497 5877 395 1077 113 4132 9343 9167 402 999 1365 7768 8395 3406 9647 5817 9768 8446 8214 2310 372 9856 9648 747 3431 6197 2131 7105 4228 5975 1783 8725 8205 2178 9803 4670 2662 5498 3837 3064 6497 1554 832 1245 1313 6832 3414 1081 5278 1628 9743 5650 7837 5744 2749 1268 1941 1232 4725 6169 7208 2860 1247 1765 
1391 7402 2787 4053 2900 6625 7118 5749 4531 4302 6994 5844 1134 408 3277 2765 2037 3021 4767 9874 8765 7517 7494 706 8749 8572 3228 2309 1432 4475 4074 2823 1877 3214 6877 1129 9839 347 6878 722 4649 3873 6567 2136 633 9844 1253 9022 2865 6020 8896 7982 3537 2743 8689 8639 1315 8269 948 2747 2744 1375 5571 4621 4589 8800 2102 780 9147 8980 1502 148 9205 4421 2284 9839 618 3537 5213 9835 5910 4110 7818 5799 3205 2859 4438 4520 1128 1739 3619 224 3114 5542 4845 4055 4342 3299 1187 9841 
2279 9041 9990 7837 3463 8626 4028 433 8516 9241 268 4426 9703 4438 6577 2908 3649 1016 3780 4777 2755 3752 5001 2221 9294 6198 2628 9989 9497 3815 9830 8129 2856 6172 5966 2671 4799 9994 3104 9667 9235 9725 4093 8939 515 670 8199 4165 8038 1980 5294 7145 5732 6648 9366 1378 2846 1994 1367 8696 2161 7550 6825 5018 3722 9143 4041 4873 9137 3498 4540 4724 9575 4985 15 90 2008 4567 607 46 2899 5902 3544 4983 2550 2910 6361 5396 1257 4081 444 9770 1631 7269 1140 1705 2764 5182 6579 8253 
8680 1119 2978 4607 6105 9345 4697 4465 264 5305 863 3163 1207 4407 8146 109 7318 4508 1857 4927 8589 2302 4697 6572 5923 2190 8277 8688 7372 4856 6941 2404 2328 6271 7011 4785 1969 8060 9250 2233 3365 113 5397 924 4521 9895 1033 8191 4403 9243 9470 9344 1545 519 2268 3820 2709 546 2508 6433 1754 5802 8837 4082 8425 2200 5219 394 261 4469 8980 9978 935 4377 7255 1808 4272 4640 9999 5028 3883 5821 724 5428 6340 2993 5601 9050 3539 8109 5483 1645 263 673 5728 8689 9225 947 9083 5838 
1769 8063 5817 9056 8792 3072 864 9417 4064 863 797 7948 3036 1521 9728 9376 4514 5329 4778 4405 3439 6614 6051 54 7287 8131 8743 2864 5430 7827 8703 7199 2242 872 6255 7387 3944 3471 6804 8008 686 7601 2308 3722 5474 2037 3099 6341 7366 7877 746 7157 4491 3149 7212 8130 1280 5955 7347 3063 134 6050 6614 8729 6922 9222 6116 7218 2693 9272 1578 3380 3225 3887 7102 8699 2276 201 5040 5994 4431 2139 3152 5274 5288 6716 9757 2921 9023 7104 5984 5510 9506 2598 4239 2780 8172 6707 9998 866 
5979 7928 4246 9204 8167 7700 4255 443 7902 9296 6438 8685 1435 5942 311 3075 2658 68 2348 8033 3524 8332 3543 9382 7283 4134 2162 5455 841 8512 2673 6820 2793 6919 2376 960 972 6632 7756 5226 2280 546 3911 67 6488 4222 3142 5498 643 5491 3531 519 175 3427 9902 3810 7561 8416 5618 8403 3281 8291 1575 6074 1563 3952 7034 2535 6936 4790 7761 9216 5336 8024 9283 8176 8598 8777 26 5593 4268 3558 6113 796 3337 2367 4606 898 7135 6576 9301 416 4868 7229 6490 2783 1181 9877 5318 4469 
4667 9431 3685 6356 7455 9320 884 2405 8097 911 7999 8718 821 464 9514 4158 9183 472 1408 6318 7049 710 6735 8269 7939 9577 1052 5472 9454 2722 6293 474 8505 6330 3182 2312 5650 4066 4717 99 1329 2716 8817 8502 3180 4683 9012 2363 1508 421 5034 4909 7483 8121 3178 1774 7698 582 3598 3505 9656 9891 3979 8161 6221 3513 6825 1871 3931 1542 8322 5261 611 7140 115 3791 8175 9128 2507 9683 9549 3893 944 3384 2014 474 5158 6064 1056 8756 9569 7064 4999 9900 1577 1220 9765 8402 9443 3697 
6297 7765 5310 6908 1257 5425 7051 9433 905 5910 5468 6806 9803 6413 190 1817 3239 5348 4234 4296 456 155 7712 5455 6408 9290 3027 6173 4044 2470 6222 341 6588 1532 3601 7845 6958 653 3630 7863 6563 5451 1022 6367 8216 1212 4536 1455 2913 5122 2103 9721 5278 9816 1529 8038 5458 4556 4211 5854 3379 434 6196 9967 8318 6149 4164 1628 6802 4147 9492 9718 5950 514 2437 4166 8078 3325 1973 991 8448 4077 713 78 245 2242 8116 2055 3150 8679 7909 6529 9113 457 2848 3784 6607 3365 5412 9761 
3864 1256 9479 9814 1770 1916 3980 6201 5242 2305 3544 3690 6382 4257 120 2979 2851 8236 5034 2354 6915 9296 8883 2381 9753 8084 6165 2712 7801 1577 2474 1665 2834 1953 1479 956 3870 1811 7157 9112 4116 702 9154 6851 1311 9274 9830 515 7510 1217 2869 777 513 8104 9510 6618 6188 5675 9331 341 3605 1805 2006 6439 3758 9837 3747 3980 8000 7257 9444 2117 4311 8598 5320 1974 4224 1502 2489 8086 9071 1710 8864 9584 9815 8374 2555 2355 402 1886 2697 4007 43 1055 6798 153 893 6897 4134 5245 
4154 3578 7362 4817 8529 9034 6792 2753 537 5633 840 5960 7344 6056 5545 7159 782 8100 5866 1184 6338 8563 1543 6381 5971 4693 2886 3216 1591 7020 8461 2097 6951 2176 6915 1832 1210 59 4585 8099 5692 1777 4060 9388 7833 5957 2899 8616 409 8766 6152 3099 3681 7696 9480 9652 2389 8718 2868 332 5739 7682 8782 9042 9858 5697 874 1068 2108 1811 5520 4152 3589 5932 3541 7774 1889 2792 2742 8650 1558 8895 1749 1592 2943 7581 7596 5332 6299 465 2017 8390 4499 799 7432 4357 2848 4658 1777 1308 
2822 7297 5460 6411 3229 5353 537 1470 8146 3280 120 6056 2175 1869 7648 5118 9450 5245 6802 2102 2062 5171 492 6561 5970 4277 918 5170 5287 9047 6478 8109 6345 1939 4520 5926 3644 1410 7397 1790 4690 3869 4199 6865 2091 8199 8335 7893 3444 1489 9995 1858 6661 6840 4771 8983 1117 2041 4154 6404 1089 632 4514 7434 8923 5386 9712 2568 6796 3461 710 1486 7331 4909 4703 9422 3109 9390 3667 2905 880 3663 4764 3893 503 9535 2876 7972 7929 7030 4376 9018 7663 5242 2804 6586 629 2516 5506 3777 
2330 6217 1616 9661 1126 6319 5435 587 2062 9102 3493 9294 9117 4609 3187 5972 496 6063 3944 8425 3094 4673 7443 7109 9915 247 47 6896 9116 5554 7026 1446 8123 8642 7459 5601 1313 9246 6189 3375 4700 6034 2669 3818 643 5856 6142 7491 8272 87 5917 7718 1112 9712 4827 7379 6312 1226 4276 1780 3132 7654 3226 1255 6296 7037 3209 7609 6283 9398 7337 7335 5432  6 1153 2427 2215 3648 9918 487 3735 2187 8205 1199 1900 9384 8578 4564 610 9206 6344 95 6860 9570 7702 3156 2959 911 7118 9242 
309 4455 6577 2093 4461 4083 872 3028 7731 7143 3515 7818 9330 1720 9017 7582 1104 7595 2146 8067 6802 8490 8162 14 4412 2216 3171 7371 3128 6641 2965 9789 1096 5895 8235 1909 6330 9107 4938 413 6250 8453 4583 1933 6526 3600 9515 3982 7547 8014 8401 701 6504 6563 716 917 5132 239 4640 8260 6880 3958 4401 4328 9853 2636 6237 2535 8096 7527 2948 698 2333 7531 2631 5211 7483 8499 9193 5030 6513 7595 2084 9369 510 2800 6638 5642 9391 1279 254 2623 5237 4656 6951 1442 7292 9540 3977 5388 
3420 3277 6087 5753 808 5070 964 4643 9921 6509 6025 6434 4104 8109 5804 967 7261 8794 2961 6652 73 3216 5627 1662 7872 8930 9456 1516 8471 9785 6905 1891 3062 9344 3996 222 766 1312 4865 688 7821 891 3474 8278 5352 5630 9245 2614 4425 2206 5618 850 1774 1246 8865 9646 176 8321 1163 4999 8107 4420 3242 7521 116 3590 7744 7234 4902 8961 7922 9076 6204 7749 7354 1557 3379 2951 523 4156 1509 2493 5007 3284 3739 3872 9282 268 8545 6797 1619 6652 7569 1214 526 7685 4804 8270 1272 6059 
3583 5546 5135 6140 3295 8841 4049 3027 1792 4572 7183 9653 7065 8542 9289 7157 8766 8572 3777 7312 1721 1748 316 9291 2962 842 3328 4119 5464 4600 6530 9048 147 1665 1540 9794 6858 5589 2821 5002 6513 6357 4655 9930 4899 297 7087 3666 8869 7216 7330 6942 5317 7646 6233 4631 8489 5914 8750 3953 514 5280 9353 7013 3297 893 6808 155 6482 9629 1509 2995 5986 6165 2926 7238 6462 6365 7256 1683 9934 4586 8625 5251 8584 1211 9882 7073 7125 4985 1027 3991 6617 6732 1005 6267 7626 7813 2774 460 
7442 4284 9808 9781 449 9086 3371 3263 5451 6979 1298 1737 7917 6275 3340 6501 7486 3223 3575 963 4560 954 4955 1177 7686 5960 3796 1664 125 6571 2125 3919 855 1933 52 7656 1019 3423 919 2822 6754 8569 4560 4671 4844 7900 1173 8683 7475 1100 5998 2035 8406 953 9565 6092 3265 9713 4109 3390 6284 6234 7310 7139 8167 7362 1147 9186 7138 8418 8360 3892 6987 2920 4916 8184 7173 6089 6867 4648 3541 2865 3036 1947 171 8953 4391 3436 8666 8500 3179 1303 4734 489 4794 9253 4203 5942 4791 7693 
4360 3152 1586 7700 2424 2854 5884 9597 5295 2751 598 8836 1968 9986 7135 2139 5291 7878 1928 309 2731 5107 1612 7465 1948 6407 3071 6151 8701 7862 197 9413 7366 8135 7113 9791 989 9349 9388 6284 2100 9986 1472 421 6324 8607 2560 1615 6485 4488 1925 9216 5947 9889 3034 7895 6296 2457 399 1349 6671 596 763 4038 8731 4228 3829 9720 3578 3217 2356 2030 9556 3828 2451 5880 2435 1364 3848 5272 2204 5773 841 8152 5662 227 2399 8311 2684 2798 9660 5707 9746 6775 9745 4829 7356 3574 4549 934 
3144 6905 9316 2700 7085 8120 4932 5872 5836 8780 1145 8040 905 8338 2544 2920 4917 1296 1231 3953 4094 7243 9660 193 371 9406 5022 7727 2980 5924 5013 2476 9181 4329 1528 6267 8801 6461 2139 4637 1593 3284 9030 2499 7974 1574 5419 2891 2870 3002 6844 3317 6597 6505 3510 6968 2263 4884 4695 1595 808 9708 4072 9990 390 5600 6257 9191 2061 8396 181  7 8033 9211 8858 2359 7137 629 5251  8 3631 8447 9677 228 1304 9539 7197 3567 4423 8244 5163 1584 4305 9235 1574 1047 4835 4183 6590 3249 
8931 6771 9608 6964 2334 8466 5676 9472 9095 7279 9480 9078 5726 5509 5658 7031 5048 9207 598 5823 7452 5761 7407 8109 1348 5333 9156 2536 9516 2098 5785 8448 8870 1745 1764 1204 211 7440 7028 5658 4719 6508 4736 6798 8369 394 3829 9769 5954 779 5593 3406 2893 9352 7867 4241 4686 3375 6777 4202 5473 8914 9002 695 659 7119 8252 7222 4559 5280 2880 5631 8141 3968 8781 6510 715 2610 6280 6669 9741 8225 6427 2634 7577 4294 3228 8615 7669 6357 9170 9494 5272 8172 190 2283 5291 8442 5858 6203 
14858
