100
5906 2729 6427 3911 270 2029 260 9987 4483 5921 1648 5290 1889 9128 8445 1293 6411 7889 2501 4351 6551 160 7570 1518 5712 9160 278 7091 5175 8200 75 7433 7281 2854 7696 7551 4883 7956 7539 9367 3878 9187 1009 2119 4668 5806 9765 1079 3695 2266 5431 6598 8778 9353 8117 4491 8514 4747 1582 41 9300 8009 3826 6581 864 1523 4133 5747 5831 8024 1466 6061 3563 2476 8181 8231 8282 7946 9311 8330 6564 1094 4928 1695 447 9397 6186 5313 497 4120 1706 9797 2129 5533 6378 2993 3408 6863 5093 9239 
4887 2911 5301 8451 5387 9834 6682 22 4132 2345 4704 696 9791 9632 8743 6591 5382 4929 1904 5879 9049 9963 2028 7531 5496 4758 6876 5256 1622 1969 4495 6509 4881 6148 1312 6620 5982 4347 2994 6466 3044 7698 7163 2836 3683 5906 9427 9065 7188 7683 1296 2589 3998 3324 120 9494 8082 3349 1102 6056 5318 1950 8918 6551 8098 230 9524 433 929 8870 6899 3974 6569 414 6810 6604 2673 2589 5669 6213 6624 3317 8802 623 6641 5275 6469 1075 8624 7572 7132 294 9522 2402 3198 3972 8984 9074 757 9914 
7944 4009 3888 865 4423 7050 7469 3448 5991 9490 9661 2615 2807 4816 9590 9448 6443 6060 6876 1419 9984 360 1713 5858 2762 1263 9830 1746 337 6940 1660 8282 949 1900 9147 1724 8950 6617 5173 1293 6107 1186 3909 5267 2354 9851 4715 8797 2263 7943 216 2247 8303 8282 4457 1065 9545 4288 9164 9883 7580 7176 4517 8529 9077 3664 6605 4379 6633 8130 5673 9093 9317 5934 4360 8023 5785 5427 3173 8049 3371 9741 6648 1674 8023 1106 9092 3921 1746 4608 156 9326 1784 4673 4207 7213 4689 812 1593 7675 
8943 7266 3120 4612 9552 7480 2635 5337 9259 2160 9738 2630 1902 6387 657 6277 7493 6101 198 5591 709 6706 4917 8845 1379 9124 6059 2421 6288 7652 96 5231 1270 3216 6195 822 7048 5183 2511 6307 7343 2250 5290 9245 4989 2299 5523 8834 8400 2073 4425 9109 8780 5694 4306 6511 1170 365 8932 7458 8017 5380 2690 5639 4948 8885 2813 1996 4068 5325 4656 7764 3927 9946 7009 5268 2245 8884 454 6997 958 4879 2458 6090 6925 6764 2601 8095 7130 1534 5553 1499 3266 4595 7139 8215 3481 6304 6563 3901 
1629 1219 1665 1908 7517 5027 3528 6114 263 3982 9463 1221 5213 1921 3663 2138 8686 6265 233 2168 4151 5787 3667 7417 382 7158 5632 215 3463 8548 469 1444 6119 8486 9705 3637 3513 3233 6103 129 3568 5567 1350 8781 7488 5014 920 2526 7631 1153 4694 1782 3292 4714 9199 27 1872 1184 242 5335 6084 7063 6780 2203 5550 6485 5840 5415 6070 8296 5544 9638 3863 3247 8420 7703 4613 5692 6582 2244 3197 1276 378 6490 5990 5929 6517 4215 3465 3111 9550 9549 175 2682 1753 2077 9167 3945 7492 1590 
2241 9389 1228 2456 2636 9648 6512 3601 5340 3094 2197 8538 722 2575 1380 3065 8504 4249 7280 1970 3712 3182 1519 239 5865 3272 2316 1384 3570 6161 2974 5811 5550 4203 4620 4538 203 1132 4491 1896 4226 6688 6786 1300 9263 8166 4365 4119 8767 7997 2441 2479 1180 3961 2719 3397 3585 5035 4781 7155 1196 4108 9319 3098 8311 3939 3988 4866 5071 8479 6762 5649 5167 9900 6949 782 8066 7667 1254 6833 2016 3695 5665 3196 7656 8384 6593 7594 3419 7727 4749 968 1835 420 418 6498 4359 4407 1364 9430 
9238 4479 1431 758 4379 4733 1540 8798 2400 2794 1983 768 2842 7648 3965 498 2384 6910 4444 5804 4637 5546 3124 2824 5966 3542 9322 326 4301 7039 6108 3540 7870 7540 4298 2249 8625 2190 7399 1025 1337 5735 8145 4179 9735 2110 1029 2120 5373 5474 4276 6362 1020 7400 9187 3338 7294 4861 3664 1596 1900 6125 1488 9770 17 5786 8372 8642 4328 2123 9667 5665 7858 4164 6196 3946 6275 7226 2418 8000 9052 6694 4362 6424 4094 9901 9762 7740 4763 9779 9336 3015 5904 824 9138 5921 2962 7510 4563 7291 
9633 582 9308 3844 4746 5505 4142 7373 9083 6560 5373 4487 3254 6088 911 3700 2341 7025 1440 3456 6804 7129 6472 9060 4305 5610 1333 7268 9472 2248 911 9105 2830 219 9301 3929 2076 9795 7654 7511 6355 9380 1998 5961 1820 9261 6013 4161 6287 7454 7618 9443 935 4090 8504 5240 6052 6189 8860 5524 8438 6123 981 7620 2695 6635 7901 4771 6430 5556 8635 9138 4936 633 5099 6756 9895 1113 7269 2534 4919 4887 1977 5854 5329 6833 7446 1381 3023 2659 3257 1461 8782 4239 5433 1477 874 3335 2601 3656 
8891 1236 2794 179 8221 7894 3287 8116 5359 6908 7002 278 1796 8980 2484 3477 5813 6282 4859 5188 8941 4468 6649 4076 8707 8435 1905 5933 1770 4506 9590 7013 2094 2384 3544 316 6630 3183 4784 1989 91 1787 2267 8239 7119 1103 1717 2932 7386 2928 8121 2679 7396 1122 6755 6104 9557 8661 8389 7679 9519 7979 1044 1614 6716 4588 8282 3346 4123 9418 1688 4215 1205 307 8806 8324 1411 523 7609 8797 9803 2082 1476 7200 9556 4584 9656 5466 3245 8045 3145 2764 2377 4190 730 9093 5130 5364 8791 9254 
4783 479 9821 5988 787 8627 665 2198 5503 4626 7347 5306 6708 8823 8858 6264 9759 8514 1730 3004 2912 1228 2121 5289 1770 9203 734 6900 4568 9525 2506 9351 6357 8679 1691 7144 3659 8708 5694 9162 3334 9393 820 42 4568 9679 2659 4328 4545 741 7332 3809 1969 5805 9098 91 5009 6184 6992 9577 2062 5850 5280 8419 882 6971 1915 4541 5680 3961 55 9014 3354 875 5409 7922 6906 4420 2250 1452 1513 5935 5261 3483 1740 712 3574 3101 3248 6918 2678 5310 9121 4310 81  3 1282 1996 4544 3314 
5957 4599 8680 5663 1826 441 9938 8733 4861 2188 6537 6375 4475 8150 6210 6216 5214 6136 5669 8463 9407 8348 3773 8528 9010 3855 4883 292 2203 5779 9958 4513 6730 8639 6528 8556 9080 6466 7289 294 8655 178 6669 3130 8329 9231 5698 3543 1719 1368 8358 1126 6068 8484 6006 5078 2339 889 1723 894 3020 1681 1759 9750 6672 8288 8307 5753 4754 1948 6047 3409 2127 9068 2892 6808 4651 4942 351 6370 2662 5062 7497 8730 3546 3503 161 2237 745 8236 3131 3765 9917 4891 3516 2942 3179 8175 8695 7933 
123 1094 7695 2250 6514 6939 9058 1165 1881 5762 7535 4544 824 1384 9626 722 4888 9787 2959 1985 4375 6090 2102 645 7333 1970 3587 6864 145 2282 1150 269 9728 5197 8871 6242 2136 4282 3759 369 6396 1294 1265 3572 2679 892 4294 3919 7031 7253 2256 1407 9695 4358 2052 7029 2681 5639 3893 2826 4273 1395 9447 353 6592 8319 6595 8728 8953 354 9098 5349 8000 363 8921 679 7607 3215 950 4639 6820 3206 2398 6515 3917 802 3544 6598 6441 3790 5776 7066 5185 5224 7419 8130 9895 366 6858 8848 
7072 2308 549 5072 9024 5822 2104 6631 5389 3054 7622 2209 2613 6372 8724 2882 7174 8621 9480 9967 2411 5256 7033 3948 6832 804 2078 6727 1170 5289 1927 8242 7597 2476 9667 2973 4650 1771 5957 39 1177 3579 2248 142 6304 7325 3024 3478 5946 8856 9798 4709 465 3183 8657 7297 3988 7088 377 1510 8729 2304 6105 6326 1133 5772 5652 5783 3895 1609 2175 1424 1540 4423 1567 7844 8100 943 7675 4046 9800 7473 8755 265 7008 3765 3914 996 853 4291 8859 9582 6596 4964 2260 4081 7088 4264 6216 7335 
5873 8391 8759 7414 9167 326 1610 7267 7622 9285 1314 7422 3110 6421 4039 6471 186 7953 7467 7391 8597 2678 3325 1545 3994 1938 5626 1082 6202 1842 8417 2076 6586 3529 5842 5753 207 7452 9372 7829 3090 686 1603 2552 3460 5642 9023 3646 9948 2843 7390 4897 1873 715 6442 5868 2653 2068 3302 5208 262 1720 3636 3200 1601 9478 8953 1808 3282 4678 9638 2724 1716 7593 1629 5176 3236 652 8823 9536 9847 2565 4433 1721 3280 7227 3941 2286 9295 7243 3846 5909 5315 7482 9110 6916 6960 4415 8725 6594 
9093 4715 5671 7162 2308 7300 2338 1896 4304 7513 7784 4152 78 8569 2225 3359 5796 2518 1997 1443 9761 5843 3705 5077 3325 2815 8345 6637 3582 7070 9583 9028 8137 5254 6190 446 2554 8528 8694 6859 2394 6479 7363 2472 1400 5940 2183 7197 8458 4180 4992 8219 6375 8697 9648 6052 7864 7994 9041 1447 1416 8625 6827 9554 231 9369 6352 2786 4249 1398 5997 6643 4229 9712 9116 5630 5652 1299 2827 462 1832 7819 5033 8207 2869 4682 612 733 9028 9653 8532 6796 4630 1711 6350 4862 1080 9054 4000 5330 
453 6349 1973 4682 6061 1089 6664 8065 8741 9491 8527 573 3663 9912 5132 2884 946 2096 3617 9974 1750 8502 6771 2732 213 9473 7594 1294 4880 7946 6624 1685 4295 4949 2719 6708 2391 9384 4773 1132 5227 9652 8057 5242 9565 9541 8126 511 1638 1744 6838 9740 246 9961 2472 6811 5786 6419 8105 666 4365 4729 2351 5013 6031 5071 1721 8422 4455 6495 9554 6034 2499 3963 1277 8416 3504 9403 5280 1494 7499 2118 1234 4097 8431 59 909 4217 6478 9014 1236 7195 96 3587 2208 6127 5010 3930 901 5817 
6777 6807 1852 5628 770 3129 4045 626 8884 9325 8473 6384 7795 9707 6833 6226 6118 4094 6795 2596 3109 8031 6144 9557 7971 8352 2036 2981 8634 9289 8799 5411 6096 7003 7392 6866 6484 1437 3844 5368 7114 2317 8104 4909 8377 1290 7487 4495 5384 634 3444 4845 8666 9588 4402 6637 4292 2790 5970 2927 2079 1121 4690 8175 8124 2082 1393 4608 3519 1590 6329 633 3907 4433 1894 8636 5723 5733 3132 1108 6368 2928 5953 5034 8868 6708 8023 3160 5850 345 2439 4282 1467 7130 2457 9591 9212 203 552 9084 
1793 6881 6069 2052 1314 4316 689 3390 49 173 850 6417 3101 6803 7803 8321 9863 2178 7833 5714 2524 273 9996 3991 7403 8805 9934 2967 5360 486 8403 7153 3719 825 5558 1386 5141 6247 4776 5190 6420 5626 7960 5873 8781 5763 546 8645 4294 8379 711 6818 8652 7059 7161 2407 2216 7095 1727 7577 3934 130 1082 4005 955 6640 5391 2448 9239 167 3991 5659 2145 1951 7884 927 4066 8430 5924 8360 3162 2987 1530 1814 46 8691 4222 2262 2139 5949 6191 2425 2431 7274 6430 9739 266 1822 2187 9506 
8341 6178 1517 487 4481 9402 7766 8548 4184 3690 6908 7346 3029 8439 5513 3075 3482 6087 1689 5621 8388 4233 8046 819 1507 829 6910 8125 2651 9098 7631 992 1628 9149 1479 6110 4903 5597 4658 5439 9287 7918 9138 8668 2709 4651 8095 6192 738 9785 8165 9126 370 2564 6297 8229 3393 3208 6354 2396 8658 3986 3388 286 3135 1220 2748 4390 6817 7406 9829 2457 1677 8967 1125 4386 3618 9221 6930 708 5358 5096 6186 2080 4012 2484 309 7405 5692 6663 6153 4350 7001 5893 988 136 7113 3737 4526 283 
7495 708 9092 5524 9675 6569 6263 9646 2142 3193 354 3852 4641 6541 5932 8653 5377 2593 2410 7421 5609 8563 8123 2610 809 9111 2747 4274 9200 3625 4557 3048 685  1 8572 361 2923 4835  7 1417 4381 6713 1622 9022 9606 3906 4028 4983 6500 2790 2404 2109 7706 6879 4719 8515 2343 3818 2789 1543 3796 3699 4591 4481 3700 9516 4842 2975 4351 1201 4393 8732 7915 6015 4107 3873 9921 8135 8857 2773 925 7613 4882 8631 4493 5954 7146 6836 9772 9936 4731 3568 3635 5675 4402 3687 5191 5596 3015 5894 
6798 7408 4627 1065 9775 5086 4938 6048 3221 147 8822 498 7761 56 9130 8606 6010 2628 1794 5783 8916 6525 5703 8903 2200 6457 2591 3743 2054 5606 9638 8852 9366 617 6269 5493 5703 1207 1541 8924 1355 6715 9422 5468 6772 4904 426 9134 3885 2220 1269 2801 8745 3325 1705 7298 9782 648 1041 1836 2606 679 688 1972 1296 6957 3817 6999 4517 1710 2275 2224 8426 8050 4044 1550 9306 4470 684 3191 6690 8306 5993 1787 1631 4050 9085 1413 4698 6479 3250 7304 7158 290 5628 4807 3600 9445 8158 8117 
1155 434 6693 9581 8484 737 7483 4142 5207 8168 7334 8249 6474 3327 6388 4457 3729 5474 5870 8427 8305 9120 5731 1815 9411 1359 6622 9363 804 4781 3832 8311 1567 525 7893 51 7614 1728 545 9173 6248 7879 7422 9074 7558 3810 3531 1287 5636 9402 9714 3941 4874 1797 5757 637 3156 8731  0 312 3512 3832 8624 5079 4357 2869 1482 1971 4597 2028 1144 846 6259 4918 9920 3818 5081 9804 5105 717 9206 1172 1011 4080 2969 3120 4718 2478 1851 4718 9142 1716 4903 4118 3147 5612 6987 4630 3936 7937 
3010 1432 5135 9269 6351 1407 9439 1432 1211 897 8501 417 2069 5864 850 1390 8984 5568 220 7188 6638 9363 5256 1541 3481 8403 3506 6821 9385 7442 4758 2395 8874 6245 8017 5225 7652 3808 3009 5216 4705 7863 5633 3126 3727 2835 869 9064 4755 1089 2604 1394 452 7860 9287 286 6263 2793 7107 5649 235 8217 4396 9110 4462 8765 687 8466 2574 49 3682 7279 7912 5668 6758 7991 8503 7627 3407 3259 8716 6011 1005 5521 223 292 5807 2839 9438 2914 8488 6025 7483 9236 1487 1945 8002 8527 411 576 
8576 4094 4207 2840 9762 965 831 4617 8592 591 7876 3661 2954 8881 9182 3178 5526 4989 6017 1316 4255 857 7341 1738 93 5181 35 4447 3708 6798 1375 8636 7244 5583 1476 3358 2900 8659 7976 1493 9250 5852 5154 8557 1086 688 1735 6612 5677 4104 4280 6284 4961 7973 4374 1406 3154 761 2206 3214 7559 3581 1850 4804 5516 9678 8162 8417 4690 2490 6262 292 4695 7768 8849 5781 8456 584 8745 485 1040 3025 3121 2353 998 7495 112 505 4608 2318 3719 2167 2251 1922 3323 7768 1600 7838 6185 2642 
328 8799 2935 5023 6567 1784 7156 1375 8721 5901 1860 9761 8926 1333 2115 6277 5180 8579 6782 9788 897 501 8307 3148 8775 1631 916 376 5821 3453 3018 2501 8604 2305 7525 1523 4090 1033 2898 2811 6935 1110 8924 2213 2443 7391 4842 3975 5970 1624 3763 3219 8478 2071 6368 7253 54 3636 3981 5875 3442 3352 8376 8398 5657 2253 9922 9747 3287 2820 8910 6574 283 4187 5139 9078 7930 9982 3054 3901 1606 3169 3472 84 1592 9840 3690 7998 9829 7671 225 9623 7375 8602 8021 3033 7207 7943 9132 6846 
7116 4395 9772 3751 8582 4912 2829 6512 4894 2235 6765 6500 5405 238 2937 3349 6430 2979 1348 6259 7002 1573 2234 4378 6527 256 7411 3735 8199 2895 6933 1667 7290 6706 5418 2224 1618 8248 5089 2864 6835 1854 9364 2240 8444 8653 5590 4875 7984 6938 7486 4987 8511 6073 9365 1391 6329 3128 5126 880 6023 8411 2548 3314 1469 7966 5538 3087 2566 627 5951 9402 8834 1668 7994 3630 6673 3584 4857 4658 6874 8696 9645 1738 4769 9010 3129 1098 2138 4607 1978 4513 9370 4526 7827 840 8845 9718 3927 1411 
6697 6231 7165 1883 4251 5160 5514 924 8744 6723 1934 1971 5419 1579 61 188 6941 3190 7638 5431 4149 9617 9945 3519 495 4124 4359 5692 194 4639 7104 6892 870 4269 5127 1473 9429 641 2397 4526 7365 684 2849 9136 2263 2910 9325 5557 2452 6963 7340 6601 2932 3637 120 9780 7762 832 5472 7956 5471 8928 1200 2693 3198 6328 4166 8979 3321 2915 9857 7038 3599 2706 6175 2215 1968 1852 4124 4420 5167 1464 1021 8100 5102 7494 7880 9216 8326 3352 3524 3797 8633 4725 6490 1831 7405 656 7162 7078 
9923 3372 4117 3523 2430 6644 5738 4399 4848 9862 8819 15 7678 9841 8115 2780 7335 2347 8348 5661 2052 1873 5810 685 2950 2300 8868 6707 9308 2382 3785 9231 5754 4254 9106 8185 7250 4844 2584 2098 1058 1403 2114 8737 7596 6581 7869 1283 8929 2570 6944 7333 4443 9106 8018 3745 1406 3238 452 7066 5620 589 2650 7727 1196 1756 5912 8446 2953 4848 545 363 2603 9011 5452 200 5592 9674 1483 873 2244 4780 8206 3039 3886 2576 6784 1645 5814 3588 5063 1435 4177 7713 5514 5373 5822 1426 3820 5127 
6274 717 5490 5229 9728 7295 5429 1672 6969 3265 2546 9213 8045 752 2252 8283 3329 5388 9928 5495 8976 1344 3282 9505 5409 8796 4879 1231 222 5051 6358 2848 2120 8201 8078 8200 5496 9859 9872 2465 3124 2418 8030 7521 9523 6634 5805 9204 8374 2085 4699 7350 3429 7982 3207 8839 6778 8086 6422 3353 9489 9133 2553 1609 3686 6983 9809 9182 6843 6034 7999 6319 8452 2381 3841 4327 5367 5998 3531 3741 8083 8231 7443 7865 6213 650 3056 9343 5089 9478 9048 4578 4963 1602 2540 8649 4937 8701 7831 8132 
4735 2182 4452 9540 4563 4645 3867 9930 643 7399 23 5078 5630 7466 2943 8195 8117 5999 3890 3206 1830 2939 4136 6793 893 6676 5443 2182 1730 9626 315 2817 1809 4767 2357 2724 5764 2577 9007 6407 6328 9030 7837 8310 6497 781 2857 966 3132 6747 524 4962 6038 4660 8108 3283 7689 9903 5466 5771 9529 5781 8588 7690 6900 7298 6767 2664 6227 5774 5423 2555 1156 3260 865 4005 393 3722 4971 3526 6821 5495 4840 2860 6508 2948 6143 549 2851 1609 6320 8733 3742 4908 6423 642 8558 9542 9658 4785 
5316 5081 7340 6473 8342 4557 478 5087 4631 1802 8613 1453 3649 9806 665 6509 2754 3160 7058 1958 1122 3378 7043 4864 4639 9818 1859 9549 9361 1517 4335 1029 6599 8027 7502 1293 8937 4333 6380 3568 2487 1346 1373 6136 1152 8390 2646 258 1551 6056 8568 2673 5787 5611 3889 426 1782 5748 9975 1143 7266 662 2172 217 8690 6027 1510 3979 6712 4242 7547 9199 5588 5273 1687 3092 3663 685 3351 1566 6742 1919 591 2529 3883 4481 9307 5665 229 5634 3160 3847 6297 1684 4064 1339 7711 1926 5318 775 
6169 9217 9974 8109 842 8014 1202 4506 8699 905 2424 1793 2824 3016 674 3059 3849 6333 5076 4078 1968 4588 4278 4617 6273 8342 5956 336 269 7626 1112 2790 3195 7438 899 4038 5452 8453 4896 504 9358 7320 8649 8535 6688 9324 1594 537 2009 3023 968 3977 7611 5246 4946 3884 9940 7254 4221 6561 4880 1685 9351 8076 9123 6603 8466 4576 5056 3362 5080 4415 7034 81 9302 3723 5757 896 4260 7767 271 5228 8096 7883 6826 3043 8119 6767 297 8692 3328 1530 377 2680 5958 9501 5635 4424 429 691 
4138 1861 1458 1172 1942 760 4895 7700 8009 5508 5467 4632 736 9915 2515 7563 2958 6987 4330 9608 5679 4010 1138 6057 3042 3448 1910 8677 4224 2339 9369 8362 4200 7179 5886 6142 4292 782 194 8653 6290 5661 3285 3378 5577 2153 7293 4887 9140 1623 4495 4819 1986 1985 7228 5028 1785 5490 3706 6009 7829 9427 723 8381 2958 6610 876 7250 3744 1070 5903 6386 6732 5541 9764 8661 7694 7058 9900 6834 5033 4396 8005 7019 2733 5234 8400 4519 724 2106 6880 4906 7885 7604 3287 843 566 4163 4446 4310 
5234 349 696 8318 5890 6812 3331 3584 222 3231 6770 1608 3979 4776 4979 3065 6362 3379 3936 3438 1837 816 8344 9722 4772 7984 6918 5338 2147 1364 6000 3733 1713 3048 8403 3956 6213 1734 3892 6435 1318 663 8043 5297 1791 3023 8362 8153 6402 2298 1591 8240 9467 9936 4314 591 7920 1232 5930 6419 2596 8282 6505 662 1331 4908 4618 7544 6643 4862 331 4313 5525 8375 9610 3668 7750 4325 1821 4152 2975 3413 8744 2442 9701 9411 3034 3973 643 5316 6744 9592 9950 3249 6606 1281 8158 1224 5177 1153 
2438 1861 5466 4316 236 1428 7984 4338 5753 9806 8490 5081 9571 3587 3875 9272 9350 3261 3245 6345 8577 9989 5937 4880 9591 2543 2513 7749 119 7691 5254 8910 5904 720 3226 6140 8500 1210 478 4254 7368 5320 5687 6939 5259 9562 6211 961 2824 5808 7307 1401 2150 9596 2633 1741 8492 5147 5842 4963 2838 1096 3873 8742 8168 7099 1234 6668 4662 8064 7274 2030 9736 2961 5322 1348 2524 7885 2309 1700 46 5968 9453 2196 5565 2087 289 4057 7234 2483 5372 72 9931 9246 5166 8099 2697 2752 1119 3711 
7168 4746 5742 3256 4059 7416 956 2935 5301 9618 4635 5347 5586 4089 3895 7503 6176 536 1560 3410 3019 6933 9834 2950 2531 1352 7401 5228 456 4873 8940 7624 5971 1034 7232 30 4802 8189 9318 103 7807 3953 1803 9745 4394 5698 7249 570 2587 5161 332 5606 8446 166 4909 977 7870 8662 2558 8326 3535 7850 2302 5858 5236 9535 2241 38 4076 1559 141 8235 5512 1944 7980 9907 3995 5229 6829 6582 391 7162 8540 5189 3680 3449 6167 1551 2112 5077 9877 1999 2927 2180 7858 8163 8067 99 8201 2143 
8010 4694 378 9874 6639 4710 9781 6986 9940 2963 9920 6683 6477 8460 1872 157 8262 4391 1708 6726 9468 7938 5077 2395 118 9287 6910 4537 5738 5111 6680 3748 9806 3410 3623 2797 8120 9756 6135 4412 2719 6055 1095 9196 867 9320 9354 9129 3711 7414 5855 3180 5352 933 1927 1822 220 8838 6359 5959 301 9391 6059 107 9153 9682 9256 7274 9439 5391 8038 2158 1446 9134 7707 8666 4806 3413 7795 8517 827  3 8049 2532 7288 6329 4354 3860 5167 7066 6171 1820 6457 2231 1928 1963 1913 7536 9237 1352 
2928 7275 9863 726 2761 3922 9392 3919 7335 3540 2437 4514 3543 6838 7046 7183 9519 1401 1043 1038 4819 7215 2859 7628 9446 4787 9591 7711 2323 8828 5416 1603 2456 5279 8682 1569 5553 8074 5489 2888 7966 4278 7402 1509 7468 801 8692 6988 2202 6088 8026 3373 3303 885 1001 9101 2024 593 6812 700 5773 2228 2303 8229 3859 985 6151 5764 5412 1640 8652 3378 5918 2407 1240 9738 3208 6284 6726 1762 2372 4753 5135 2027 1990 2488 1128 4015 3081 4293 4715 8855 2873 3370 3436 3085 708 9587 8849 2472 
7579 7502 5850 9849 6261 3442 9588 5821 9727 2666 7583 8451 7419 9070 479 5762 1558 7959 9777 992 2252 844 6199 5126 566 9635 8211 7626 5575 7060 98 9506 914 2301 5708 3527 5743 5296 9348 1822 4314 3283 274 8086 2353 7105 3848 264 5064 9977 1256 7317 7173 7455 8795 7739 3442 3358 1718 5369 6770 1816 4876 4037 4117 584 7564 6213 2232 6913 8035 6546 6548 4661 4632 8902 1766 4832 5518 6831 4809 6774 500 1982 581 5647 6074 375 5357 7792 5745 8479 9608 6973 2516 78 3909 6433 2643 2493 
9698 7030 5391 6246 1692 24 1500 3458 1208 7018 6641 6018 3792 3493 8000 725 9140 4074 1101 849 1866 3198 9329 7827 171 1845 4257 432 4630 6900 2925 4328 3930 8316 575 5622 4692 2075 5433 5901 9094 2074 8271 9238 1920 6271 9964 7412 6698 7417 8262 4916 615 7591 2743 7138 5788 7000 7570 419 3900 6847 4747 7831 1515 1674 9805 2560 3750 1590 8461 9196 3665 6732 4786 1937 9355 1102 9349 2405 8519 7611 7322 5486 5202 65 8976 7343 3418 2898 7762 3670 9745 8861 7853 7613 536 7659 173 638 
9249 4986 6186 9266 8070 972 1203 7425 2075 6905 9831 6946 4516 7153 2433 6071 3570 7761 3414 3340 660 7528 7011 405 6389 4864 8018 3277 8875 8191 3915 4477 9529 101 95 7599 7426 7651 5025 9501 4556 1208 2799 9072 4713 1584 1495 4635 9346 1261 7976  6 8789 4987 6763 1531 6203 1134 4808 5079 5677 5076 5908 5207 1529 6003 2806 8955 3654 7831 4808 4562 5391 7608 9987 104 9192 1482 4740 8538 2744 9068 4896 7885 4055 1660 9416 6610 2794 577 8041 8471 5653 3949 3678 7182 6305 2837 6138 9959 
668 946 874 2412 4906 861 2516 4099 2343 3608 8989 1439 2676 238 5677 3083 1898 5093 9694 1044 5670 4087 5867 7675 8037 5898 4858 694 8735 996 7005 5755 8294 7879 8167 3201 8740 7036 3652 7436 644 8993 5227 9673 9231 904 9108 7481 2350 8802 4877 8020 9242 745 5696 3631 6643 6906 4325 1730 4254 1330 7485 8900 5562 5653 2101 4302 2689 2105 1738 9685 7451 3318 5710 6682 4222 4819 516 6572 9973 5393 945 9215 2490 2993 2846 5485 9899 7171 7215 4153 4854 4701 3053 416 6706 1507 1070 5747 
9964 9161 5432 7415 2479 1143 450 6701 5962 966 3274 5935 2711 571 1503 5202 3564 4349 687 3463 7873 4255 3968 2727 8956 3373 9495 5662 1232 565 7761 1197 9726 3193 4964 2205 688 5414 5259 3002 2732 4885 5290 1796 5456 6793 6998 9020 1142 4037 2483 5367 4644 2803 8094 3600 6176 3941 5614 7409 4507 3375 4958 585 2921 9922 9143 9961 1689 4402 2964 4421 9287 8254 6217 4743 5047 9567 3763 2541 9957 2598 7909 4601 1753 2355 4554 4281 2649 6520 8042 7156 6248 3000 4093 9169 9275 3236 9130 964 
7638 8446 1737 3277 6700 7955 4372 8099 3874 8135 6993 183 7085 4902 1137 5190 3609 5691 9472 6258 8563 7514 9766 4811 515 3860 3980 9790 3448 9463 7106 1087 7909 8843 716 962 3150 5089 9061 3377 9576 6054 3560 3014 7308 4697 8204 918 6740 7676 3528 1656 5191 3295 6467 2058 7155 6800 8200 603 6263 5306 8042 524 4149 5111 1486 3652 200 6900 7029 6128 2954 589 9142 6615 1639 7347 7533 4731 1375 7413 6387 6566 708 9207 4976 4215 6007 3176 1171 8622 8482 5565 9146 8984 676 6985 2636 7228 
3885 6017 9709 3191 2958 8851 9806 4597 2550 3691 5681 3926 1105 8420 6844 8165 7627 1821 2381 3634 4997 9904 8608 9832 5469 7755 5168 2498 1092 4156 9726 4977 173 9435 4520 3131 4639 679 4081 7189 722 9762 7467 8179 4534 4312 6345 2162 2485 5078 2148 3834 4982 757 3666 451 4864 8834 2949 5956 9342 9028 7285 9515 4815 8157 2647 9454 8836 6728 2996 9559 2842 6815 7738 7376 7479 435 5890 9964 5513 8039 3799 6847 5148 3817 3651 12 9004 2952 2320 8346 1980 5957 7862 6796 4114 6861 2602 2951 
3589 1950 8862 2783 8766 2952 159 6245 3388 6050 2562 5253 441 2713 2101 1941 6530 5752 8305 5534 8704 625 233 7037 2934 8095 3833 7048 1308 2787 9999 4897 4738 5213 7680 9856 8166 4191 2453 1554 6593 5015 6807 7034 7728 5260 5327 611 1012 3632 2497 6069 609 2730 3106 3543 7177 3291 592 8485 6078 6943 9734 7168 2157 3766 7024 323 7958 9478 8229 4551 845 5036 7938 8574 297 3265 5537 7661 3250 8034 3730 3859 7117 3188 7403 646 6479 4347 9132 2558 1290 5218 6078 9799 8985 3103 122 6943 
8933 4703 7846 9778 9740 5784 4704 6389 5402 241 402 8652 4628 485 8863 1745 3673 2618 2391 153 6965 7875 9063 8256 3094 5141 4407 2079 4596 4530 5374 3529 5585 3220 9660 5325 5357 4364 8066 7111 958 4821 2115 5586 5306 978 3683 5331 3597 2426 5484 562 6654 4547 5170 9748 6041 9578 8179 637 460 3553 519 6045 3125 179 7723 4834 895 2141 1945 1853 3314 412 3791 8620 1391 7474 304 1340 6253 5788 8254 2907 6688 9777 9007 9081 5707 7186 9718 2519 7091 6589 4916 6568 6768 8991 1403 7664 
1133 9700 5869 799 113 9661 5772 7856 3487 6076 5548 9740 1864 154 8999 4904 9931 8006 3985 1990 5192 56 4509 8635 6645 9426 5204 9766 8417 2959 7430 5902 2659 9651 6702 9124 9312 2474 3332 2800 8550 5232 8892 6766 5387 7892 1671 5318 5898 5656 7309 7443 5712 8170 6078 8710 7596 7634 8476 2366 593 2258 8268 9605 1909 1322 5081 1222 3796 4766 374 8698 9998 9266 5465 5385 7158 7136 7056 3057 9144 4365 6852 1209 8887 9282 6271 6484 6917 4747 5202 3862 3357 3470 9819 5266 1145 1253 2840 4941 
6019 3214 9992 6017 2481 5457 1403 5991 8945 8459 5400 4441 9176 2252 2002 8063 1535 8273 899 4804 9372 6101 5018 2729 5924 1190 7996 7069 2443 7188 8362 8462 403 8354 831 9236 163 2234 1579 5460 7045 6980 9902 2573 9232 1904 6989 7119 6530 7888 1923 5902 342 6942 8632 2618 8132 2980 9687 6927 168 4401 1741 6923 9108 2572 2511 5623 4807 4091 1084 8204 1071 7338 778 303 5594 7767 7423 2124 2007 5698 8027 8701 8992 6659 1319 3476 9639 7358 403 6159 1760 2144 3083 7220 4717 5594 2843 5876 
6037 279 432 7108 7617 7562 3764 3212 1681 7539 5336 3689 9589 9715 2390 8582 6374 62 2058 2365 7420 8814 8525 5532 7310 7960 2752 8379 9906 1948 4255 5944 2227 1040 9404 6197 8602 9520 5761 284 7059 1097 325 6649 7165 9067 5231 3539 9129 3641 2257 6550 8807 7134 2082 6118 1446 4835 4497 1352 3135 5105 3648 1714 6145 9405 7911 1099 8925 3672 1383 5985 1122 1708 8986 8287 7128 569 8178 6257 4210 6787 2807 9370 3921 4890 5488 1719 6077 6337 3072 5564 1442 3072 7278 3939 2477 5190 5039 1403 
5214 2774 3740 6336 835 2726 975 7963 3295 9154 4220 3857 5941 7028 3227 6215 8270 5067 7934 699 1405 7358 6263 2847 6783 3541 6787 9260 5083 8178 7015 298 952 755 6634 1787 3481 7610 9750 3128 3116 3971 3338 5409 7351 6565 7976 1973 1633 5911 2672 9390 9621 8935 2237 6404 8828 5376 2017 3912 3554 9032 4210 859 9788 7196 2646 9621 1158 2397 9102 4274 2720 2440 6036 6423 5357 4012 8396 3342 6275 1068 2732 5897 6355 1322 8653 5183 6698 670 9095 6605 6055 9657 7464 2195 6854 6462 1816 8012 
8859 7270 2287 7931 9710 4675 4354 1420 8687 2750 4762 4963 170 3847 7212 6525 5169 2217 1709 8219 2888 7156 1176 5295 6814 8640 7490 3668 5103 9306 1680 314 2929 319 8246 8991 4994 8952 411 34 1703 1526 1349 1873 5373 8561 4751 6894 7130 6460 5113 6370 9968 6290 1665 6782 1282 9155 6802 2737 4814 4835 3052 7743 1506 7650 6734 6501 6602 7146 2887 4657 5024 4236 2883 397 9149 7634 7291 6279 446 8756 2650 414 5046 4315 3549 2681 9823 351 5418 4637 5186 8470 2380 6693 2472 5466 9546 5427 
8964 8785 84 3988 3021 2967 4385 8522 6953 8028 4801 7399 6785 3803 7814 8183 4471 1363 7216 4294 8066 2635 8931 9605 7457 7663 2650 9930 3129 8548 5357 2094 7333 1793 6082 6706 4761 6820 5228 1714 1200 6381 5466 4337 185 3280 8873 1008 995 6089 1654 5413 8724 6937 5018 6182 4600 7668 2464 4081 2568 7821 2527 9901 9614 4962 6607 727 1782 8187 8794 9334 4569 4260 3672 1106 3892 2545 8466 1239 8634 120 6652 3711 7057 8023 6245 1657 2043 8709 2090 4612 2882 4618 4513 8848 9580 7473 9576 7714 
5660 4722 7048 6581 8982 7072 7687 9226 9617 6153 465 4604 6273 3469 4667 9682 1492 912 1339 3536 9621 3430 8148 8855 4400 9013 7703 3980 6486 3631 1694 8499 8353 8742 5080 3687 2167 9120 2913 1784 5273 9730 2740 7899 3200 7407 7581 1044 4671 5273 4580 644 5055 9080 9499 9455 4446 3555 9787 932 7186 7833 5783 1892 2927 864 5579 5094 9984 4845 6879 1609 927 5971 5860 4127 9731 9794 5172 4402 1419 6104 5047 2826 1537 898 8633 5983 4453 8420 3267 7992 6253 9051 9884 9180 6267 5463 4275 2603 
6660 7506 564 7588 9829 6425 8067 9560 2571 9591 315 342 2048 5362 3168 3585 2612 1801 5920 7066 6573 9187 1410 2826 4590 1294 8358 7209 3109 8985 9812 9770 2843 6729 3710 2673 9506 1777 2233 2077 1369 8900 2419 3417 4262 1939 3354 3227 3740 9274 6645 313 4813 8055 9491 5756 9349 4201 2965 2458 9539 9130 8580 2382 5859 2290 5055 5365 4068 3641 3794 1789 8893 2565 5206 9508 4504 8560 2735 4596 7834 9380 1261 8999 3787 7104 4755 3136 1305 4073 1946 844 3203 6879 9579 5414 9169 986 779 9589 
979 925 1378 9873 3490 2936 9381 4346 1496 2116 8942 5682 7848 203 1034 1635 7307 5789 1123 4964 9862 9421 2161 9417 6300 8092 4831 1822 9078 1962 7763 58 2887 5494 6283 2729 8430 5664 3427 6279 4132 2369 8313 8332 8924 9347 6319 2583 1489 3794 7548 7703 3215 6061 7121 5868 4153 1952 4042 9583 267 8157 9641 3154 3651 2276 2236 8434 4292 5663 1065 4776 4385 9378 3108 9661 5078 9427 2245 2919 3221 6145 622 2789 8558 7743 5009 2711 6048 9051 2294 6315 3560 8288 5821 7212 6916 4409 1998 1209 
6425 3063 5985 7162 8793 5446 6823 3871 1225 5420 3142 799 7917 3765 3588 6475 7860 4949 5538 260 4000 4185 6575 3912 8825 8749 1124 5741 3158 3122 3302 9583 6185 9288 6745 4979 1086 9921 5202 2311 5341 8345 3110 9611 8462 3050 6086 2674 7999 7977 2935 8351 8514 9510 2264 7339 4611 3388 9432 7770 2863 2735 3705 5400 8375 6803 6731 9461 6724 8286 1772 8417 2983 1235 8028 1445 4285 467 4119 2285 8444 3406 636 6958 2917 2900 649 7528 2641 81 1650 1856 2816 5356 7256 7543 8511 3988 7004 5235 
8626 5129 3652 1609 6364 8033 9406 649 8500 9877 2934 3296 3284 9923 6606 2553 2823 3607 6433 1816 3688 8084 3672 2857 9792 929 400 8303 1269 7405 9890 9895 8886 3542 1504 5250 7927 7262 5899 2779 7139 5186 2427 423 5109 9033 2976 4284 8992 9410 6101 2681 3846 9773 5538 3638 7054 2290 8293 8323 6047 8183 4570 4933 8077 2426 6535 6005 9688 2435 8784 3180 3973 7564 3603 9082 2949 2932 3366 1942 2342 5819 4623 2540 1945 6513 6178 8999 5155 4471 3675 1203 2654 8245 2488 7083 7024 9024 3088 3064 
1459 8225 6244 1784 5789 9848 866 8738 2780 584 7032 1474 2756 1655 4014 4701 4520 6544 3700 9676 7367 3727 7231 6373 8325 9719 3456 5349 8743 2897 8413 6554 1122 4658 8338 3263 858 5556 8353 9990 2493 5386 7816 5249 3393 1830 6302 4266 4726  2 294 2093 82 7525 4818 8407 7244 8274 3756 2340 1171 8521 5246 8645 9531 9937 8260 6741 5493 6614 6731 4338 8352 899 5939 8097 2729 2241 2363 3807 8596 2657 2252 8678 182 7070 7085 3779 1697 7193 2471 2868 2066 7717 7866 1598 4006 6126 4691 5852 
9092 1423 190 7444 2322 6130 5542 1404 8371 4257 1563 3319 6915 3816 1997 3449 886 5434 3580 2583 8979 6051 1804 1046 121 9670 8996 479 2148 3687 6331 1241 1462 6522 5037 137 9004 6931 7893 3727 1189 9456 7047 4456 3272 9044 7905 511 831 1486 9446 9810 3889 7602 856 362 3624 9852 842 5773 9892 7173 3366 1354 47 8403 1491 9051 1687 9384 2779 2876 5193 9826 7332 8465 5222 1589 5328 6053 9427 1127 2216 9669 8729 9424 6383 2354 9277 7225 8127 9169 751 1493 6875 798 6248 8367 6202 7935 
4103 8981 7163 9296 8807 847 4114 381 2437 9442 2787 8216 569 5003 7885 5651 4427 4269 8005 56 7846 6132 5577 4949 3977 8805 5748 6577 7172 1950 865 7627 7283 4380 6924 2442 5228 7390 2823 4017 3184 5610 2233 106 6965 6471 5757 7745 7092 3762 4153 4938 6246 6083 9888 6575 4888 1988 3152 8412 290 4017 6039 7573 4750 9315 15 9978 3057 9190 347 6242 4801 8932 6348 8118 5403 2105 2215 8847 2219 6369 138 8465 8804 26 5040 3692 8366 4544 8456 5008 4914 847 2581 9664 163 8948 5994 9572 
8138 6341 5814 9291 5273 2162 3762 7029 619 5977 2228 9190 8698 2366 7655 7502 8744 9047 7546 7110 3592 6002 2118 4858 6850 1051 4522 3365 6351 516 2937 4490 3209 8752 133 8482 7266 3895 1863 4238 9873 4092 3428 8571 6458 7436 6074 5203 2835 3620 8665 6427 5975 7136 7637 2825 4539 2159 6190 891 9027 9127 1733 2236 4231 1866 7071 7850 5762 8934 2088 5635 9378 5516 558 2189 9304 2984 3744 2140 2957 2409 4919 8932 5897 2557 8109 6789 4716 4299 7680 96 9778 9413 2332 362 1279 9403 8212 3393 
4690 300 9028 4068 2168 5939 6257 7825 8923 6353 9965 8232 8763 4884 7164 1012 3793 5273 7801 8510 5924 1833 4958 2055 1246 7290 2417 8878 6694 629 2271 7736 7281 7652 1804 5801 3591 4414 3626 8866 767 3591 7099 5882 4828 615 3247 8621 2241 1048 3483 8165 2882 8441 6572 480 5732 8989 5710 8778 5970 4334 6514 3251 1986 4670 9053 1929 5436 9031 7147 6204 2623 598 8438 3803 1214 1685 2424 9807 9086 2260 4324 8320 7053 897 5152 9137 9886 863 7915 5857 5197 781 5460 3535 1804 865 5464 7240 
9897 8963 9796 8872 9562 8235 2675 7128 9920 1451 6935 5358 63 1259 3678 7117 2156 8831 6254 2043 9694 522 4252 1243 1303 6064 4778 9459 6930 242 6700 3179 5557 6496 2051 5119 4731 1078 2247 1004 2529 5534 6362 2593 6794 6393 9710 5302 5224 2316 3697 1270 2838 7949 2513 494 366 3643 9953 7296 237 6653 475 5794 9502 8878 914 585 9956 9513 1589 2485 5048 4304 1430 1842 697 7492 7144 2273 9809 842 3543 2647 5143 2408 3141 5509 6051 9447 9157 6288 2452 5984 2082 1954 4862 9348 2540 4818 
8862 481 3656 3910 4785 5086 2104 1834 2579 5600 4107 2388 2794 7650 1387 7938 6410 881 9799 2461 328 8957 5101 2780 1293 3536 1087 6156 2884 3627 974 1746 4108 4630 2008 5246 6069 4112 7080 8648 9713 7540 7388 2507 1542 5127 6797 7953 6008 2949 6766 6336 8258 1868 5469 9551 5404 6556 5707 8288 6535 3034 6387 6995 7664 8395 2241 3733 2508 5674 8733 8573 9566 6121 7432 1108 7601 582 9061 3609 3531 2180 6298 8141 4048 1767 7692 5804 4675 9752 444 1210 2786 6831 8205 450 1579 6799 536 439 
8825 9269 9012 8391 1743 2796 5851 9344 9730 1265 9305 9613 3445 5603 7754 3845 3722 1799 9649 4749 1551 6445 2311 4337 3277 517 1139 4856 3668 8027 5295 8845 3649 659 3588 5392 9807 9439 1088 9538 704 6745 9151 4149 8701 3258 4346 8775 5057 3995 3525 6608 441 5836 945 70 2705 8436 1278 2725 6464 2925 1570 113 9936 5158 1857 9743 4598 9297 5633 1654 6042 1137 2156 1095 4395 6502 9871 9452 6850 3396 2412 3643 5584 9709 65 8290 8145 1343 1015 961 620 8938 1074 556 4096 9283 6651 5046 
4932 8637 3053 975 9774 5209 8422 521 8063 8293 6325 4913 1689 8737 4908 7274 8446 4973 1916 2943 2668 9283 3905 9640 8221 1331 196 2318 615 3200 3716 5547 8189 6769 2874 4315 8330 1297 4836 6394 5942 7513 7659 7632 6250 8920 1258 1048 245 9526 343 9266 8809 4248 8906 7031 1932 5455 5701 2547 8655 5769 4446 6844 8891 3673 1159 7221 1322 2347 9967 7264 6212 3979 1248 2462 9251 2506 9862 9496 8384 205 8762 7194 806 7669 577 2738 3124 6278 1637 8131 2047 2435 1327 7290 6108 8838 4512 7430 
7537 831 4695 3749 1162 5943 2563 413 4802 2425 9910 3186 8982 5024 6732 6140 9045 7309 8878 2169 3587 6867 6652 1987 9303 7979 5629 5411 6817 6493 9194 4354 7325 241 8103 4839 2536 666 5253 7338 9443 1515 6877 4778 6539 3609 918 5585 7271 6149 4106 7210 3016 7111 5549 8671 5090 1179 435 8260 7672 9629 8966 1349 6222 3422 6189 8758 440 1442 2449 6236 2957 9326 1014 5848 9287 1932 7785 2910 4433 8244 121 3802 5355 5670 2473 6797 6849 2908 1409 874 8889 376 2223 5111 150 8412 222 590 
6206 2671 6826 9163 8349 7840 1364 3988 6125 9149 6899 6910 3745 7020 712 5452 2690 9538 2250 5892 8798 3659 6766 4040 387 5341 5503 537 3754 5725 1128 9960 8396 4306 5476 6745 8499 3192 734 976 8693 7633 7886 2439 1005 4951 7891 47 4489 6493 2291 9639 153 5409 3679 6892 751 9183 7430 857 4908 4910 7169 3305 5568 2645 6402 4067 2189 3488 5043 883 7473 9282 3322 8478 4233 7565 4878 5074 4059 7169 4713 4212 2579 8393 1104 3330 3928 4886 4187 8836 6148 7708 8493 1717 354 1248 5784 2543 
4736 7180 9778 2210 6462 3100 7040 7047 666 1918 2121 4725 9088 3186 5289 1667 7931 2745 1349 1859 3984 1888 696 132 9596 9189 1849 6302 437 7634 5198 1526 4814 4976 88 7628 4429 7128 4675 5095 5399 3148 6172 839 6334 7813 8858 4266 558 207 6125 894 8447 3173 1027 8043 8715 2876 698 5504 510 2248 7030 1676 7224 7118 5656 8005 599 331 9452 5998 9831 5624 6837 2518 9789 5695 6784 6700 2254 9261 7594 701 8787 8621 5096 7502 1498 2146 3006 8360 4394 37 6389 7971 3507 2045 5976 4106 
8729 5429 6456 4912 7405 9645 7430 3547 1692 566 247 298 6180 7841 999 4967 2815 2448 2469 4313 946 1827 9025 1693 1864 1766 9664 1724 164 1992 5830 8893 3773 8639 3805 1179 8284 7588 4726 6329 8154 1325 6627 4334 9166 3979 5653 1981 2779 8122 2646 3725 9950 8024 5418 8166 9790 1434 9890 9954 3427 2073 5199 7200 7064 5357 4731 5348 2945 9457 8029 7451 7134 4657 8138 6301 8636 3791 4634 1415 1914 3633 1492 8216 1657 6911 2734 7799 8345 8977 7754 1772 1050 9305 5325 8114 4662 56 9814 3959 
5866 7844 1411 3000 8853 9549 5653 7489 9692 288 5256 7958 3921 6748 6174 1930 11 8909 9729 4709 4238 3835 2833 5288 3141 8158 9754 4155 8215 5920 8115 433 116 5878 3433 8969 1779 9087 2810 1471 5727 8066 9430 6000 1167 1956 7930 7530 7217 7659 2239 1455 1495 5073 3095 988 3231 2849 1495 7798 5122 9610 4583 5238 1840 8017 4208 9971 3456 7018 7795 9183 1437 3577 5183 8956 5533 9465 6486 9103 7124 8726 558 4971 3799  6 2311 3382 9207 3807 7533 4329 9769 2116 9568 1610 6485 3776 7933 9941 
7146 5728 5476 4935 9305 7011 3891 1191 6476 378 6646 3601 5456 3556 4924 5607 3562 7236 5341 2770 7395 2874 7099 7164 4991 3019 5126 7828 3147 3060 7770 294 5140 3246 1581 798 258 5473 8341 6734 2203 4987 6687 4011 8543 7964 9618 2106 1552 4959 1228 8947 4186 4679 6111 5529 7699 7590 3357 846 650 7479 1140 2142 7078 9074 2940 7336 4547 7633 422 3102 2620 3462 3465 1164 1426 9435 9622 2978 4394 850 8277 4932 1881 4388 461 9580 1978 171 427 8980 7650 7919 7475 4728 6993 415 8416 7892 
8049 5191 7346 7021 8653 811 4537 6431 246 4159 5761 993 1361 4038 5925 3243 4778 2739 2823 3109 2910 9602 2089 6912 7522 9564 1641 867 6332 57 8760 733 1600 6106 7754 253 3270 2292 3036 3516 2803 8797 4509 517 2835 6787 112 3966 5878 9287 7075 5140 8890 9164 2052 2764 5081 3693 3631 7765 103 2391 8498 1703 4850 2604 8309 8120 1248 1345 7988 404 6495 8850 921 5682 5637 1033 9648 7867 320 6723 3007 5562 5888 5059 8326 7321 5105 1958 5086 1560 701 9936 9615 5551 8892 7924 23 6493 
5622 8012 6897 2117 6862 4170 7799 8851 1555 3800 3070 1875 523 6077 3790 2763 1136 2116 84 6241 426 1522 4153 7480 7810 3769 3031 6703 8045 9407 3196 3667 3771 6445 2136 6985 615 6288 2188 2170 88 5258 397 611 1335 4187 3375 8823 2656 9811 5065 9434 7686 5570 6914 5496 9339 6298 2199 7385 5705 1747 1052 5828 8192 9541 2813 5159 5829 5001 3681 2269 259 4079 2880 7946 4618 2607 6769 3626 2419 8186 3061 6457 3757 6327 1953 3096 2625 505 481 4682 2252 7886 510 6797 3779 9675 8308 9608 
4676 1990 1877 1287 6069 1109 5585 7039 69 2355 666 2488 541 79 5297 4298 6406 7250 3747 9032 7755 580 66 6360 4818 577 9509 8597 252 7817 4557 1281 9807 2786 8920 5876 3896 4506 9268 3965 6861 9934 2805 3754 6365 4454 4405 2771 1704 8152 8155 5812 5084 8222 2172 9903 8799 1681 4852 5403 9498 9410 6684 9306 2196 1957 1534 2444 6463 802 2761 3324 7088 1918 7078 3453 6372 7835 6225 4429 5987 4380 241 7424 2602 2413 7327 7753 446 2179 9509 9944 7941 2545 5602 6490 4502 7137 5286 965 
4291 8048 641 1380 6318 4072 4833 9043 1907 1058 3472 4247 1791 3713 1671 745 2478 5350 4851 2924 3881 4360 2868 1823 6905 4823 8313 1408 1960 3599 8725 6251 7999 9367 7631 670 3439 8817 9713 5346 6227 3185 9593 8018 6898 7616 5116 5728 2966 9967 8652 6848 4327 7872 5023 1232 2695 3336 8992 4655 3287 7718 7259 7639 7085 1242 8309 6876 6411 8022 8574 2639 7559 4520 657 809 2136 5773 6537 1455 2092 5189 8303 6419 3061 3326 4004 5757 3014 2996 6764 2653 7066 375 6644 503 7970 4953 7379 4381 
9327 5954 7020 3238 474 4030 4047 8962 6155 6936 417 8248 2125 8720 4667 1539 8398 8671 3648 7764 8020 6764 6770 1438 7140 3414 1942 5110 4720 9321 9491 4047 1627 2864 3638 8453 6894 7685 7416 3049 974 7833 1297 3099 2906 2317 990 1304 7340 4638 5421 5360 1403 2191 6799 4895 5605 5093 6357 325 766 5848 725 2394 5064 4363 847 1958 8400 4615 5008 9374 2449 2657 8826 1707 4974 9816 3011 2315 807 4784 4027 8562 6975 7178 9809 8933 2271 6166 5610 3038 8366 2687 5432 3431 7050 2631 5389 1803 
3599 6749 1177 6048 9407 6355 7755 733 2524 7118 3048 3331 8255 7076 8245 1582 4254 8054 515 2878 4220 2478 5916 8938 5165 7700 2369 8568 6683 7759 371 282 860 7900 2682 267 608 437 1001 3132 3908 401 2815 8515 3829 1060 97 4436 5466 613 7314 9686 9443 3230 8624 4608 7282 7346 9528 3965 1457 6251 4248 2317 504 6930 2585 1112 3720 9938 4244 3980 6691 3411 2495 521 4471 2592 4957 9937 9557 2271 5975 9000 1853 951 9961 9135 8297 5841 3100 9754 2093 3700 8424 2597 6983 7361 3709 7055 
7299 4305 1035 3990 7716 9882 863 8539 2474 5820 8476 8384 8091 803 3736 6296 8106 49 5431 2756 5891 4884 8862 7984 4936 7286 581 1919 4647 642 8974 8298 1299 6361 8641 9015 6243 9504 7554 8718 1677 2382 3454 9768 9537 7190 2417 7643 7240 7848 399 3131 9084 9262 7467 4021 2900 4400 2292 7548 1394 1267 2198 2693 7628 839 1708 3872 6696 5614 8942 8373 7996 8748 4493 7533 5938 6910 1528 9530 1111 1928 9013 195 7542 6480 568 442 7232 2861 4342 8626 480 6541 1319 8108 3732 9379 8332 428 
4993 3626 5153 9341 2374 5999 3226 4665 2909 4755 4195 372 6683 3209 6920 577 6041 7488 1019 3274 349 5362 8252 829 8255 9572 5290 1987 5303 9974 8768 297 3601 273 5990 2327 6272 9217 6992 5534 3972 1188 5906 7007 749 2826 7584 6790 315 8603 6416 7016 317 4669 4198 8572 593 9488 6912 5896 5814 5680 2545 5767 5953 8536 8095 2226 7753 5087 7760 8077 2627 18 5084 9728 2845 2668 6519 9512 7623 9287 6528 7941 3956 726 2865 901 6566 9777 6798 2381 5457 9343 8148 7763 4231 2595 6341 8336 
4035 453 6413 6662 471 1497 6391 3316 517 9262 9180 8141 4901 5709 2434 8858 2787 5299 6111 5706 5077 2909 8087 6886 8605 2587 4649 9188 1535 7342 7525 5570 7795 3938 8584 8267 1788 1327 7935 2305 589 7116 6798 5491 9177 9232 701 1964 884 3164 7670 2313 6074 2109 9199 1031 1049 201 219 2584 7543 4096 4506 5339 8035 3090 9958 6175 4418 4245 4832 1359 7713 1631 3202 6890 7215 255 5207 8099 3420 9229 412 5846 7691 5964 6877 5092 2517 3448 4028 60 7545 8534 1751 1932 7976 8061 4459 2394 
8659 9291 3754 6372 922 6956 9615 4490 3564 1174 8941 6984 403 5706 2830 4446 1670 6059 9538 4187 5859 9918 599 9756 8452 2351 1688 6429 6764 2499 5175 5423 1791 5281 1796 9065 8590 7763 3555 2154 8937 2497 9138 5692 4555 8320 139 6225 4379 6029 6764 238 5948 3715 6347 752 2418 8035 3533 9183 535 5061 4606 8678 342 2754 7743 8932 517 7651 1086 5806 6500 6576 1499 1055 4896 7990 3632 5627 4019 396 2218 6319 4111 8565 3424 6530 2952 3309 2065 9839 8370 6671 8517 5065 5778 2613 3997 6295 
264 1436 8454 6764 4364 9953 7819 9261 7943 1451 1240 8314 8199 3458 986 8662 8375 762 1544 1328 4071 3609 7519 8794 281 6037 3859 2411 8650 4208 5058 5266 1996 3512 2030 6361 3465 6201 1974 7760 4004 3214 2427 2203 3025 3413 865 1400 527 2410 9080 4598 2371 6600 9744 9004 8989 9955 1415 3991 516 6474 9257 2512 9986 7639 5225 9804 192 7199 7564 4196 6766 6343 2751 6143 6108 9968 3895 6635 8730 2976 7586 1102 5928 7330 106 4917 3638 1522 5260 4154 4348 4517 3018 4334 8508 4596 490 8700 
8147 4407 9248 1265 750 1999 7408 6859 8319 1304 9846 7050 632 7432 8152 6560 1115 4610 7829 4753 2484 3089 5259 6832 3958 4629 7519 8818 9225 8009 3870 3725 2416 3118 4990 9519 1469 2399 2730 9788 55 2576 3190 687  9 7694 3599 7476 2305 7780 8581 4789 7221 3840 7974 7531 4821 5493 6349 399 9854 6571 4124 8623 9689 9114 4494 7510 7865 7224 3650 4272 9800 6841 1311 6161 887 4910 9989 3192 9042 8570 4334 2615 8762 8660 146 3584 505 2847 3983 359 9418 4459 5334 5459 9925 9828 9321 7791 
7052 2972 2063 3205 6165 3375 5718 7052 4637 5708 245 32 4278 931 2647 3041 9591 9146 2977 96 8345 3312 6807 4116 7771 2142 9575 4048 1970 8897 8191 5375 8221 255 8580 4386 9982 650 1438 971 6358 8035 7355 6989 8966 6355 6382 4909 1853 9359 1357 198 9023 8165 4314 3146 6659 242 7194 4981 5491 5386 6708 3712 1993 5288 8098 8327 2291 5888 5650 8649 3924 3006 1990 9242 9361 8372 504 1214 4083 1861 7764 9458 6378 8431 2604 9389 8673 6151 4371 4164 1537 1079 4228 9882 2720 2326 8209 5011 
8214 3859 12 8490 6865 2003 7733 2578 6727 8237 144 7163 6450 7909 6621 2829 6340 9226 8570 1365 5377 2941 5529 3266 373 9757 3148 9445 8435 7709 808 3001 1568 820 7844 4786 9175 1929 3716 2255 6518 3861 9418 2968 8122 6039 2149 4462 1617 720 5827 6994 13 7708 6612 386 3817 6112 9831 8604 3821 639 1605 1742 7812 9449 2880 3339 7730 6596 5594 4248 6809 5012 7217 4931 1052 9366 9393 2669 6438 1572 6016 6452 9280 2628 6838 9449 5093 3022 8053 8914 13 6011 7008 4177 5460 9888 7517 9543 
2837 3111 3791 9646 8124 1008 930 5528 6727 6675 4549 3165 8248 565 5969 3880 9546 2808 3330 4639 2182 1383 9905 8547 3746 6914 2725 9207 3154 242 8750 5991 9705 8893 1990 7829 9902 2920 9709 2981 5947 4259 6146 4195 1176 2116 4428 7074 1276 7758 8065 9810 5493 7971 8357 9240 1237 7434 4799 4391 7676 9901 6735 7382 8794 5077 1563 5048 4349 7625 8029 296 8236 528 844 9412 8996 5272 6487 6624 9382 904 2786 4875 8875 7495 467 6464 4930 1618 856 8958 7871 3943 6340 3018 5372 4256 4418 9721 
1881 2448 6369 117 9328 7213 5881 4676 2485 8720 1300 1867 9625 438 3095 4852 7933 9914 1317 2863 1533 8525 1822 5756 2468 4514 8774 4192 8770 3193 3913 7003 1993 282 3472 7673 7496 9354 2349 6333 8074  1 8201 4051 439 7648 8904 8372 7562 221 7588 5447 8746 5762 1204 7566 276 6330 1758 5399 5875 2023 8754 4220 8657 2227 1893 2505 1581 594 8839 6007 595 7040 59 7386 4688 8963 2111 8602 5536 9699 4050 4282 5461 1606 8200 2089 7936 6310 7488 164 8333 6243 4384 6990 4822 2630 9496 6403 
9576 4687 8762 172 1727 5173 3910 2767 488 6021 7721 6024 5720 1771 6658 7533 3377 4858 9623 7666 1168 3463 4182 5853 6058 4918 9196 880 3900 5044 3635 3477 9731 2398  1 7810 7571 3911 6929 8060 9933 4650 436 2005 6422 7095 9539 6151 8305 5514 169 5826 5329 4351 1679 1388 5622 7227 2268 9522 2271 2256 2999 2002 1006 3000 6164 8577 6912 3093 2989 3197 7744 9778 5202 518 6873 1093 3021 1530 6607 3191 7356 1937 3894 5388 9677 5868 2615 8297 5391 1239 553 4742 9593 1559 4095 5758 6489 7359 
8851 5830 556 2947 5608 2110 3465 8833 3204 2839 364 9811 2382 7720 8100 2628 9460 7777 8497 2076 6075 240 9667 6628 4982 9260 4540 9077 1370 1029 6436 222 6859 3344 9521 8820 5455 2987 7653 8659 5826 8017 4822 4560 2090 9275 7188 1550 7052 5685 9978 9479 5925 9645 2460 908 5258 7000 6337 6628 4381 9126 3202 1240 2470 2724 60 4277 2063 4066 9288 4241 2083 4111 8801 4173 3386 5989 2076 6790 8027 2054 6270 3952 8052 5082 1212 3310 2082 7550 6290 6463 3028 5845 4055 1850 4921 468 6128 3336 
4534 1768 3929 6617 2231 9082 7143 5617 1423 9219 8760 9450 7625 1382 3403 5677 6464 967 5339 8546 4869 1630 1361 7897 7475 5416 6100 8748 2236 2228 2084 6770 348 6013 9740 2580 5095 6883 8197 6518 2454 3309 2321 79 4691 5724 5757 7507 3043 1096 6053 7913 2726 3766 2162 6553 5535 8262 1653 7771 6842 3737 4542 7191 6102 4282 9771 7549 7517 4320 4068 9971 7630 6389 50 8673 8465 5807 6181 1508 6904 8586 5773 5982 2353 7936 8888 7888 6198 541 5659 3041 4279 6553 232 6733 7187  3 4283 4704 
4323 4703 4675 8305 1092 4726 6979 5909 533 3160 3769 3789 1746 9543 6124 451 3831 5012 8339 6381 5553 351 9422 6184 3256 6006 2918 444 2361 3553 5148 3037 8256 6176 7694 5700 902 4673 1609 7787 4185 1730 7929 2284 7625 4053 2735 1456 9065 7427 7838 970 4130 3612 3507 7386 5971 2777 4182 8332 6330 5683 7721 4586 1859 5416 286 9113 6441 8247 6900 627 9977 4829 2911 3955 5234 1998 5411 651 9425 9601 1622 3555 9566 1481 7294 5537 4258 1476 221 6940 7159 4295 7878 9018 9711 4516 8131 6152 
2763 1384 3131 9092 2565 6042 3047 7800 8041 4811 8451 3818 4412 6425 7374 3978 7906 4668 5867 8516 2496 6089 5456 9656 384 9686 5026 6447 4202 3158 8951 6965 894 2083 2410 3459 4477 5457 1259 8870 268 6063 2689 1033 2488 6415 1363 6747 7435 7231 5263 9931 9672 7072 9587 6408 6758 966 9207 961 476 8158 4278 1370 6593 6688 4829 7423 8498 2441 6293 5118 4856 5334 2503 7344 1749 3867 443 5536 7450 5707 5468 3474 9131 1407 6234 5889 2373 1793 3202 2849 9951 7481 4219 2897 521 5401 320 5371 
4194 2965 490 9050 8300 2993 2746 6401 3212 9542 1938 662 5249 3758 488 732 5165 6722 6621 3891 8515 6176 3092 4819  9 7312 7716 530 9065 4388 5902 9611 7353 2744 5013 5653 5737 4111 8407 8950 3653 6697 5964 5254 455 6453 5986 1972 3175 8960 5863 8043 5136 8956 2862 5145 2620 6930 2027 8037 1318 4281 7648 5023 7025 9013 7029 9115 3124 5436 8065 6778 2133 4029 2032 8940 6834 4371 912 10 3331 6776 4405 4819 2084 3619 6316 1056 549 8343 9093 8219 8977 3093 3242 6002 2106 6623 1469 5230 
2059 9534 2008 544 9916 393 9484 6750 4764 397 3112 4447 3525 7517 9266 1961 1136 5582 3017 8037 277 2110 2608 5606 1555 5851 7961 3661 8826 9430 5243 886 8965 3604 7782 5233 3997 7267 8335 5113 4016 1448 9560 3893 5317 5178 5854 2806 760 8871 7195 7389 7333 9804 9348 8888 2007 7309 8901 833 6739 4144 8071 2056 7748 5854 7289 1745 9473 1977 3210 3489 3425 2770 7382 5094 7948 9588 4252 5060 8459 1448 8802 2144 1252 8150 1032 3259 1811 6285 4092 8550 429 8516 607 8178 4370 4248 6275 195 
6225 5838 3684 6002 8608 7418 7449 2909 7006 1701 4321 1817 9501 9475 3961 753 7625 1345 364 9436 7630 809 4339 4411 9325 1298 8941 47 1898 1569 242 8124 7407 278 478 2367 4048 4279 1628 7406 2333 5950 9223 1834 5425 9536 8940 9403 881 5656 5191 4863 6465 9530 5626 2142 828 4568 8541 9079 6137 8783 3555 9896 5413 4033 2263 9461 4665 3892 6867 6998 6194 6090 5184 1619 1978 4124 1022 9211 6133 2566 4074 8950 2096 6053 1093 9277 621 9634 8356 3110 4770 1911 3006 183 2296 1621 9645 6961 
1865 2864 311 8059 5307 5496 6031 7285 5972 3405 6497 8457 5971 6923 7408 4420 2976 8501 3697 9949 4487 8405 3059 5609 6668 2417 2145 8964 391 8142 2278 2256 1006 8941 6668 6313 4437 2699 3599 6762 6104 6448 5219 8428 9723 8979 2848 2700 3832 2897 9001 8320 1302 2061 281 7970 830 2426 3286 1221 568 5564 9830 1575 4506 6498 4240 5295 5549 4191 8409 8005 639 9981 6433 363 8960 5633 9415 2793 8530 8416 7465 9832 6829 7746 4154 7660 6525 7441 5233 7093 9357 5063 5020 3863 7913 9261 5511 3462 
3452 272 1468 444 253 4253 807 5566 9887 6574 4711 8417 4990 2176 4602 1820 6274 5108 5832 9151 2549 1065 6245 1907 2481 7617 2122 394 3230 3985 3857 6683 4258 5325 3479 4511 5930 638 77 5817 7212 4788 587 2202 3316 5189 374 5943 297 6206 5094 9199 3624 7691 7458 6105 5309 9580 6499 8539 3566 356 1574 7824 2033 1405 8687 4316 2043 5117 133 9255 6257 720 7810 9574 2261 4536 5517 8911 7095 6963 8110 719 4655 5568 6824 9964 1500 9675 4855 5066 32 2782 9242 8417 4187 7930 2733 6231 
9399 9219 1838 5656 6291 9648 5230 8553 537 7099 3816 7632 415 1926 8351 5070 3846 1527 1386 5346 1202 2593 6765 7586 5375 2359 6004 9563 6641 5089 2146 6040 660 3984 1697 6952 9985 3279 1857 522 6731 5673 8154 7146 3951 6505 2216 7797 4384 9954 9495 5586 2547 2612 3173 4275 4972 5529 3838 7965 618 2336 4006 7631 6320 2055 4583 2657 5334 2792 3179 2065 8465 7685 5563 2416 542 4131 6565 4926 4085 2412 513 2985 5025 3686 7260 6349 9215 7450 666 6185 9786 4672 168 2458 6727 4751 5116 8414 
17909
