100
9117 9930 5042 2358 1317 7992 5280 4207 7837 9404 1864 1062 2932 6317 6466 422 121 309 9543 7688 3415 6606 3282 904 2167 1830 6461 6145 5469 3294 5132 4587 3224 6527 3297 894 4519 8578 1453 8708 4334 3317 6122 7266 5986 2588 4040 6108 9249 3583 148 2665 6541 3430 3569 8709 5260 30 4854 7082 9677 6339 8021 9253 9218 7670 147 89 2600 1600 8797 6934 1270 1271 553 7256 3860 4593 9716 3109 4529 9864 2126 1070 3294 5696 6131 4907 2078 7338 8341 8107 29 2714 7361 9247 6736 3860 9336 9337 
1813 4485 2623 3083 5756 3176 339 5968 4122 56 9078 5003 9920 7556 2425 9567 3252 8557 826 1683 5895 5519 9790 5924 4585 3503 1523 1321 7364 859 7010 9177 1696 9634 8612 7452 9162 8951 3421 9636 5359 8851 991 1632 6407 3417 7551 6012 1974 4729 7695 4221 6600 3837 6497 7537 3693 8020 5210 7409 5231 2221 2938 6927 8207 1550 4379 3721 6853 4152 3358 2213 3003 4349 197 5763 4118 7748 1775 2444 8829 5822 6665 5429 6011 3162 2966 9704 7534 8176 7113 2765 6749 51 9692 4956 1601 4072 8678 8455 
4576 8388 7020 7580 9089 7217 9695 3208 1317 1470 5652 6498 7292 8670 1927 9655 1832 1245 9360 9367 5773 6473 2132 2523 2877 8177 3831 4478 2249 2509 9285 3177 7249 6305 757 6339 9874 452 5899 7543 8274 1551 4041 1918 221 5968 1574 8406 3565 934 4125 9339 3759 2609 8214 6636 786 2045 7467 9387 907 6752 2565 8156 9410 9674 847 9284 6479 6746 6828 1105 4650 869 3024 4871 3190 950 9629 6755 1884 3754 2446 1995 2716 660 4984 3502 2706 2451 2890 3613 9203 1807 8121 4965 1481 8969 4250 4312 
5715 7430 5418 365 4651 8442 1589 7841 9392 7570 949 7628 7677 3395 5975 393 408 959 3895 9466 9762 3137 9431 5318 1296 7552 283 9130 2873 4533 3442 8589 8315 5212 5306 2967  6 3247 808 5750 818 8109 9730 8495 7857 5706 8888 8265 3017 9135 7731 2780 8625 3514 8098 9921 1066 8381 5403 3940 9267 5198 8881 7582 410 4187 549 417 7435 7710 2519 4605 5819 2250 3100 3676 7956 1988 1941 7325 7475 6024 105 6100 9538 4555 2374 6957 9289 7777 7249 8556 2975 6130 2490 9738 6669 3040 6507 456 
750 9026 1413 2921 1276 4513 6598 5584 2853 4891 2910 329 7268 9367 2781 3158 275 5155 115 9564 9285 3716 4472 8612 6198 6962 4702 9220 6354 1209 6028 3456 236 7442 6378 7864 1955 9328 3449 4809 4219 2711 1490 7839 8430 4271 998 5057 5779 7465 4621 5064 1182 5445 28 3732 2408 4731 2952 8762 5940 8981 8571 2528 6423 4949 393 4730 4277 194 9539 4848 9257 7381 9040 4039 1653 38 9097 7432 3855 3718 8848 1389 9164 5228 5122 7924 9959 8074 3038 2252 3407 1609 1132 9830 2910 7877 913 3539 
4423 452 4740 3680 4186 3780 7720 5839 170 3169 9623 4025 6887 8471 5415 2403 3699 537 6679 11 4963 9718 8615 8371 7679 9747 4553 590 7625 5466 4129 2048 2271 5221 2081 6457 9001 9801 2296 9171 9322 8271 3197 2561 3094 4964 4965 3145 5501 7996 3156 6816 4066 1771 5187 1746 7871 9741 8688 5496 1559 9169 3896 3830 4391 5977 287 3392 2130 8935 8916 1452 7206 2113 4014 300 3429 5331 3446 5282 3327 2954 2098 7394 1078 3638 5492 8949 3379 4180 797 1290 3349 4693 5121 7740 671 5408 7485 2801 
696 6401 4254 7902 8514 4620 4555 8295 9951 4353 3577 9630 3659 5675 7024 4737 9313 8868 38 9044 3048 835 335 6398 5529 5456 490 2552 7216 7975 5353 7912 4376 5959 2167 9242 579 3074 7537 6882 3779 1114 6513 7438 3142 9889 8528 2455 8758 8566 7852 1806 5754 8187 4556 1283 9995 1399 3835 7211 9374 5540 1476 103 1500 9995 9345 8431 3069 3235 1666 6848 701 8179 638 3843 4420 9166 2651 3178 4085 503 1337 9839 8690 2245 7474 5037 3644 7661 2248 9371 3201 76 9474 1053 71 5171 5837 9492 
8406 7503 6340 5460 2034 3331 9303 6454 8849 1954 5985 2934 2457 7322 9125 7499 5919 6599 2536 9564 612 1137 5287 166 1213 4761 1219 7637 9932 3408 7129 4691 7263 9822 151 9297 3153 5806 2104 2002 7761 8089 1289 6570 1763 6766 4070 7682 9718 2958 3598 330 4095 8885 496 1661 9998 8068 9298 9931 7828 2779 974 5092 8953 1125 4389 8458 6931 6493 6813 1044 934 8102 7615 2697 4868 8037 6732 4586 995 330 1269 1443 5568 1765 3104 5566 6185 8754 1849 4014 7885 2823 9106 6839 300 9847 5297 3584 
2693 2110 4628 3627 6564 8595 2677 1433 6632 9409 2371 3980 6091 3640 5423 1659 1758 4879 3578 7943 9985 5427 1957 7870 4603 7415 4709 4903 7263 6359 8487 9956 8469 3116 9935 5034 8063 2612 2819 4696 2021 5190 5028 4465 5183 6803 6124 6941 1682 6054 4884 8019 1482 3194 5889 6085 609 6951 7340 4224 3310 5828 4180 1779 5296 4116 3165 3359 6728 5984 4407 5102 7527 5787 9567 2710 2590 2043 6003 624 8098 7239 8643 5932 433 4533 8369 7395 7836 5709 1619 1146 7889 2152 9277 3185 6268 8795 2897 9348 
4779 3656 802 8658 9444 369 1368 2034 8765 7371 9011 3215 963 7654 9147 1396 8539 3868 5143 6375 5929 3115 3873 3819 5267 9503 3356 7887 8298 2605 3587 9429 6262 4390 8088 5706 1111 5808 4092 9876 9532 3103 3091 495 7110 8590 8243 5649 2458 3387 8377 8388 6502 2250 2207 1769 8105 1915 6008 6403 4521 9595 2185 783 3985 273 2841 5097 6081 3285 1325 5613 2741 4417 2460 9851 3007 704 5500 1818 4091 229 206 593 8832 8765 8714 6937 7032 4722 9693 1553 669 1878 8688 4655 2151 7881 6104 4584 
1167 7429 6550 3908 8198 9010 3759 7558 9714 5611 9376 157 5841 5934 7102 4673 1051 5816 7962 8083 6890 7655 9637 7560 5885 4677 8567 4388 2559 4671 8973 78 8452 1875 338 6651 7237 449 4209 6952 6060 3585 7109 8253 5871 564 9278 6922 6380 7241 5005 9623 1248 994 3535 7134 2024 8454 1522 935 3125 6847 1013 1577 5074 1351 8228 2312 1800 8789 5616 4212 8726 2725 2466 4597 9641 8096 7871 6022 1689 2877 1997 9290 223 1884 6424 2247 338 4298 3182 9815 7498 547 1392 2572 1898 5973 1236 50 
1114 6852 4263 9841 5930 3081 790 5571 7529 8662 7945 9219 7891 9942 8509 8114 8178 1285 6714 4868 1935 6248 4683 5785 3148 2428 8358 5046 8401 9594 1449 5867 2799 2064 5708 8729 1497 2851 4300 9026 1513 2246 4597 9404 8540 9458 3870 3071 7095 6936 7939 5383 9537 2623 1168 2685 5051 5878 4083 9804 5473 5532 5671 4624 3948 7732 3353 1797 583 7653 824 8448 6251 1773 4204 1144 7584 4426 4215 4679 7715 2154 6414 7252 4777 7583 9937 9828 3461 4020 5984 5286 5905 8008 9910 6205 5740 3263 8003 2675 
7269 5179 1123 9872 3304 1679 1016 888 6105 5231 1920 3820 7386 8334 7424 8515 5917 7361 4696 5731 7734 680 1017 9991 8688 928 2548 780 543 551 3455 4164 2082 930 4037 5387 8961 5053 6275 5067 285 4547 5239 4023 2882 2664 2538 5151 6377 7234 882 463 4267 8252 6806 2955 5532 9355 3736 6075 9906 3543 6592 8341 826 629 3728 9787 2034 6355 1206 2319 903 6446 2694 137 5462 5233 1640 1839 8819 8875 8655 3086 7127 5461 2394 2659 4816 6130 5086 1075 6025 8030 9416 6851 8659 9496 6639 694 
5851 7845 9365 3106 643 2060 3243 6105 3645 1236 4297 2464 111 9304 1903 7238 4765 4297 6249 9582 6779 7687 7009 2804 5718 6425 6008 729 5921 2647 7775 8124 6844 7141 1231 3840 5553 4474 9945 5550 5710 594 8014 2173 9898 9917 5763 1016 566 2012 6950 7345 6052 3959 6502 8122 6736 2510 8851 9009 1509 6627 7133 8353 120 8364 8545 2025 9191 4843 7575 1253 5437 1941 3427 1688 8211 9190 2704 8777 7555 9654 6123 9959 9965 2625 8081 6701 1487 6932 5710 2996 9911 2843 7701 6383 7560 6247 8408 3103 
1090 5983 4356 2879 4277 4135 919 2488 9678 3623 1265 3585 9629 3740 3544 9594 2717 1625 2647 4204 4909 8357 7200 1173 7553 4902 7556 1465 7501 2317 4568 4943 4652 5276 7822 8929 5764 8742 1417 5442 8717 2683 9027 4699 2775 8923 645 5493 6900 3293 9697 1809 8002 6898 2982 1907 8152 6891 3372 2005 9208 7940 6948 3860 9569 4770 2790 5333 9864 559 7127 4934 3242 2506 9633 2370 1429 6630 7863 8329 9923 7560 6490 4278 810 5825 6185 5314 2716 9558 7319 8276 3850 4267 2136 9771 5390 1278 5104 1606 
1838 2231 6540 1432 1089 2525 3802 2518 9156 8017 7199 5431 5578 3690 9709 2740 9515 5895 8055 8583 1805 5374 6859 2007 5994 5347 1779 7736 2978 3235 9342 1168 5467 5883 8952 6556 4760 9107 5427 3916 7124 2626 5700 9054 2668 5409 1795 8535 7656 9850 7118 5813 1576 329 7821 7570 2029 5952 1658 5007 9187 1001 6175 1006 3236 1479 3915 7996 586 9342 8265 4063 8320 3965 3117 7341 5726 4912 5876 9735 1114 2995 1900 2691 9676 6073 6613 1705 2025 8272 6712 7565 5625 9239 8571 8861 7071 2486 3209 7657 
8180 7826 8072 2853 8143 1190 194 3870 2454 6070 9957 3569 5417 8209 2612 1446 4283 5577 3151 6308 201 6216 225 5826 1807 8797 1039 8878 7635 4249 2888 2168 2075 960 5021 219 8502 5215 441 957 7637 6750 878 9407 4959 9842 853 9242 5419 4004 1903 5621 6572 2128 7799 8380 7277 8839 7258 4913 9440 6498 7081 7867 7459 8454 8086 2313 21 4879 3270 7658 7981 500 3417 9293 342 4270 4887 5762 4627 3142 7735 1199 1623 5534 9579 8900 4373 3190 165 165 9688 3598 8033 3499 2052 2471 5813 2073 
3703 5435 6084 1684 5936 9501 977 6278 3772 2217 8392 8399 5359 6127 5950 6982 1662 5530 5883 2387 5072 6048 8905 1112 5999 6938 964 8051 9409 6777 6477 3112 8564 2561 1149 4500 8414 8478 7131 8538 695 5523 6937 6055 8003 9240 3037 6017 1122 5272 4756 6194 7673 3661 7306 3672 599 8270 8075 6361 1399 4552 9473 6316 3465 6974 7168 1880 5453 4299 418 6148 6175 3708 8555 530 2948 1593 6547 4070 3217 1303 6616 890 4965 274 4562 1916 4897 8990 8277 2648 3542 7751 8964 3360 1077 6133 5240 6530 
6784 2010 2679 2959 2070 1234 3489 5018 9179 6388 5440 2397 4044 8408 3287 9009 8683 4202 7277 9932 3192 5555 2580 3086 9658 1545 6446 735 4030 8038 7266 814 49 6297 3774 2119 3883 3615 3490 3063 6356 5282 1812 400 3691 1451 5761 8726 2005 3038 5010 5197 8593 7590 4636 4603 5487 1082 5339 9517 9121 8957 332 5522 5254 458 7641 5489 425 7483 4904 6781 2766 6716 7181 2809 8168 2942 7887 6525 2333 2897 8075 926 487 2711 5530 2327 145 7221 1844 9266 6178 8528 1140 7784 8986 5134 3273 9412 
2617 8178 2545 5383 1246 9727 4544 5766 9021 2431 2292 1354 5328 367 8633 2168 3078 515 847 3223 7736 2691 8842 3914 7572 9982 8050 6558 5116 1323 2322 4086 5853 4868 5821 7100 947 366 2866 9968 9149 5158 7675 4478 5525 6308 2998 4955 6823 197 8179 911 2888 3373 4825 6812 9707 9227 3371 1176 550 2045 5262 6404 3265 1083 9856 4212 7801 2722 533 6951 4233 4560 7781 9758 868 7131 1066 4043 7328 5597 4954 6568 8970 6131 3381 8677 5358 3104 9853 2260 5149 1467 5016 8415 2551 4872 8979 352 
7595 5864 7303 1828 424 1436 7938 1292 8567 9004 1687 5895 4601 2993 2464 9923 9124 5845 4953 834 8949 1158 9447 450 2626 4463 5217 1529 9336 4197 1881 3283 61 5537 1463 486 3325 9401 8130 1893 4758 6170 7788 5711 9163 252 1987 4640 2449 6940 1826 1398 8098 1273 8201 7076 5737 3418 8605 1425 3967 6839 4708 381 8728 6171 867 2053 1924 5349 3946 6682 7871 1735 8746 7035 8339 733 8027 789 7673 9853 8539 2123 7479 6740 9200 3216 6511 7805 4641 478 4644 5701 859 3372 1872 8078 5426 3796 
9780 5724 6831 7651 7459 1929 1038 5799 2662 9065 2940 6687 5271 1479 8810 2750 8220 8010 2318 4731 2168 3311 1561 3164 9012 2421 2889 7236 499 4667 7384 6631 391 567 4283 4203 2496 5321 6354 5158 739 9294 1845 6010 7125 7008 5112 5345 1370 3782 6428 3538 3445 4342 3055 8809 6763 5944 2397 3614 6963 9781 246 3706 6701 881 7909 9197 6202 4263 708 6941 9909 8905 9303 7035 5913 767 8732 7284 901 1513 7174 4346 5855 229 9507 8970 2525 1904 8936 5840 8038 9182 9547 4739 63 7456 288 2618 
8072 996 5911 7981 9902 1567 1368 2167 8686 6453 5803 9588 7966 2978 286 173 9559 9794 9143 8437 1698 8079 4277 9736 3614 3824 4475 29 7633 4764 2647 5705 2112 4911 38 8366 6478 1407 534 5164 4212 2689 1104 2178 5667 1391 2351 1579 7537 1494 16 5587 5925 4293 5324 9539 4470 6151 9569 2103 7267 8568 7808 5732 3479 4198 4098 6309 1957 984 7826 6169 3674 8930 8347 5693 6673 7050 7272 562 4896 7288 6150 822 7934 1474 361 2404 3977 6282 4507 7597 4851 8667 3329 8330 9217 3779 4640 1175 
4764 2466 7344 4790 7748 2044 483 774 9094 4108 1336 3991 7748 7486 1165 5682 5312 1526 4438 5642 7809 5297 3239 9012 316 2920 7342 9534 6699 8334 709 7815 7152 8053 8957 1253 6449 5793 2027 5544 9901 3363 5887 7649 7202 7052 9684 8866 4930 474 4508 9091 5772 4099 8103 6088 7019 5446 5622 71 132 6331 7886 7285 737 3196 4890 3538 8989 6917 9082 5242 6632 1321 9243 186 4725 8927 9053 9656 9402 3561 8747 1526 7661 6851 7614 1032 8649 9589 1103 5133 2272 5342 2418 9361 8538 3660 2900 3879 
577 8334 9121 3562 9656 8364 3748 4381 3644 2801 4037 9398 2715 9137 924 6728 2340 4890 7760 989 831 5216 6122 3104 558 4893 2465 5448 8553 1717 9327 5483 52 8448 9045 9708 3164 2793 441 6808 5595 831 6206 4662 9968 3482 1390 8660 8373 9150 9649 5556 4366 2123 8660 1276 3368 7478 6724 8274 9195 2403 3757 9247 7203 9154 5307 368 1947 2101 7176 3894 2932 9735 8556 9252 3217 9946 4264 7942 5449 3913 3499 6167 2388 8511 7444 2109 5989 520 383 1537 2924 492 7136 127 9646 8796 6847 7945 
897 4024 1840 181 111 6748 5785 9680 3047 49 7623 8496 314 7474 1015 2702 2337 8459 1163 4679 5332 1546 6216 8256 8390 3352 4735 8036 2148 1583 5982 9397 1959 4174 9578 2070 7274 1715 1750 6673 1764 5725 1521 8430 9551 2537 7485 1889 996 8648 6568 6328 195 2784 936 4937 2488 5672 2974 989 3607 5308 386 5566 5834 6317 3988 9460 4384 5738 6134 6149 7816 7655 931 7367 192 8416 5608 7541 7065 2176 3869 3612 1312 1158 8549 153 3182 1523 1142 3141 3183 7880 8707 9017 549 9047 4830 4934 
1137 964 7435 8953 8619 8366 2673 8812 6783 8281 6353 200 6810 6574 3812 8122 4084 2361 8275 3618 237 5769 6759 9772 3650 5466 5142 4199 4513 9972 5485 2003 936 2920 956 9555 7639 9981 4719 774 8263 7424 974 1425 351 4786 9547 4435 3499 4175 8054 88 9944 1165 9861 9946 6632 5003 498 7497 1327 5983 9500 2263 5256 6809 8170 2895 6790 9242 21 1405 3018 995 2830 3369 2133 8730 4157 5632 9257 8563 2073 9201 9728 1934 9148 2712 3289 9646 6562 4616 1981 2414 3231 7237 5575 7753 6484 2366 
6995 2857 123 14 3852 9306 3383 5985 4388 3892 7970 3645 2455 43 2846 8536 8329 8346 1248 7970 4344 4162 8938 2678 6577 2169 9915 2152 9922 2752 870 6918 5609 7346 3284 5814 6652 3019 8151 7392 6912 2473 1037 5719 8868 235 607 7197 4934 8208 5167 9278 2370 4105 1956 8947 2626 8224 7452 2549 7328 8322 5819 9289 5668 5455 1455 8672 8474 9607 6064 1738 2080 3453 3810 949 41 4417 4498 4975 2625 6018 4253 4996 6475 2562 295 9102 7138 7747 8003 818 6070 174 107 8090 5629 1563 3115 455 
1170 5531 2194 9602 8985 6004 6903 9026 6773 1402 4001 9399 7420 4606 747 3895 3520 1042 9349 7010 5142 7352 7828 1212 3878 7936 5654 5859 5851 8769 6315 3373 653 4861 2975 9638 7217 9879 5016 3990 7633 5369 9741 5053 6327 488 5300 6200 7883 4650 3210 3025 8354 1039 589 8585 5327 2595 4444 1178 7717 759 903 8370 1972 3878 4360 9189 109 9376 9532 7742 1097 5625 9147 3776 2466 4448 9976 349 5450 9539 9726 3804 578 6667 2389 2257 9262 6834 9787 6979 3945 690 1701 2270 920 6061 1459 7382 
1789 7343 1476 9238 2969 624 3015 5435 5072 2991 2136 522 2530 8214 678 9460 4881 9420 8069 495 2606 7856 7475 6551 4898 5528 5173 2171 1590 2985 9553 9731 328 7381 8970 9649 8005 1985 1436 9429 1328 3572 6303 3859 1786 6982 9671 3019 6402 7741 3515 9008 1949 7342 1911 3200 2870 7085 1723 812 6422 1276 544 6750 5009 5866 2752 3015 7851 4188 2444 9179 4113 8748 9390 5899 2082 5414 5271 4836 9507 8786 196 7808 2480 8459 1008 5350 1896 2731 2515 8318 359 9411 5069 5369 5277 4173 8384 3128 
8361 7180 8659 2474 2280 4402 4726 714 9816 9997 5550 9323 5135 5746 7131 7615 558 4492 9317 2454 7223 1832 773 3935 1243 2194 9304 6520 6367 4040 6000 1080 7572 4660 3555 9853 5414 4633 6919 5230 4630 2470 4553 6117 4568 8036 84 5126 2528 9401 3933 6104 7586 4706 39 8829 3252 5695 1702 5971 9735 4054 7051 3659 5066 6958 9864 480 1591 6784 5710 2573 9254 6615 8690 174 1004 5126 5301 3532 4528 5586 5988 2114 6644 6027 7295 9896 1722 5349 5867 7809 9404 9270 1469 822 6229 1333 1303 4172 
8117 3365 6746 3723 6333 1788 3898 7337 6915 5551 7221 7795 1137 3210 6261 7781 5589 9908 4029 7312 5258 6248 1473 1014 5518 9294 1836 8099 628 9491 2272 5097 9209 5370 5173 5542 7158 9071 9231 425 974 6452 8220 8463 6014 833 6244 1604 742 6625 5268 6000 2873 3093 3366 4743 2388 1554 2843 9368 7398 1467 4465 6607 6837 9638 2149 347 5061 1380 7125 6035 4184 1697 4498 6551 2531 7094 8155 3273 3719 9775 5625 2944 2868 8991 7688 5256 6897 6883 4624 4295 8350 5442 902 1539 1432 9403 1886 2846 
7135 5363 5233 7672 7061 6084 4223 9592 3178 2378 2865 3250 8505 4842 2546 1373 185 234 2982 7082 7117 3958 7730 1819 9400 4984 3358 7185 4388 1597 31 7875 6960 1616 5547 373 7700 9770 9965 7231 8500 9182 6833 7005 376 9379 4731 561 9614 7713 3996 3083 1671 1726 1255 7424 6710 4613 961 7450 2562 7344 5326 5875 8960 7225 6248 6661 3348 6214 244 1848 1748 7077 5206 2125 6456 6289 2686 2422 4002 6682 1858 2025 4760 3113 5801 1471 4078 6762 8921 6641 458 599 2516 9419 7825 8764 2432 1173 
1330 9028 9373 9431 6105 931 1556 8913 7220 594 7688 7574 3629 9546 5952 8389 2659 1753 6212 6737 4868 1486 9730 1678 2085 2246 1097 6262 7363 9881 7435 5045 8909 3161 4476 1366 4092 2384 280 1313 9331 7968 8887 2960 7514 4839 7701 6525 2945 266 9614 4165 1752 5697 5843 189 7943 3293 6452 1658 3174 239 3056 8436 3400 7532 9802 7493 6269 82 8806 5600 4402 4045 4912 8268 5237 8965 1145 4534 9231 760 8699 7335 6457 894 7525 752 4187 329 8763 3714 568 1819 2150 321 5703 8304 7814 1972 
4739 2972 7572 9141 3369 8836 7410 4958 7802 8555 9492 7033 5667 4543 4369 8476 5438 8246 5581 9625 4927 4344 9691 5495 2515 8193 2168 8218 6498 6334 191 1237 5658 4115 6730 9028 2952 492 338 754 5400 9831 4139 7419 4374 4860 5896 6164 3106 1477 2142 8033 2173 1833 9881 1040 27 8401 9258 2877 4736 5801 466 394 9917 7196 5774 9221 7689 6113 6327 9441 2296 466 6860 3022 5327 2756 9187 4785 585 7681 9171 9110 9514 5404 150 5893 3805 5761 5122 8541 1562 5588 5288 7831 2785 1062 7052 6826 
3527 3379 6267 5823 198 9479 5198 1877 8588 4385 6662 5525 8418 2185 4636 7932 7589 1138 178 1395 6899 5300 6288 8462 889 1576 2645 26 8991 9698 3204 8870 9429 9471 1046 5979 5302 6244 7856 3890 6981 4519 9416 5399 6704 4052 9683 4294 1542 6213 2041 8442 1514 4681 3256 8755 2610 5901 5133 1601 1951 8337 6823 7733 4160 7869 3712 9462 465 1569 3353 7446 2440 2769 9197 9144 3173 5233 9790 4715 1446 8183 9509 9312 2865 9117 8067 5475 1371 3200 3428 3322 7889 251 7407 2049 4473 1120 1512 1290 
9041 1217 8737 1481 338 4286 6977 3511 9519 3120 4578 966 7655 4088 278 520 9557 4698 2347 928 4250 2127 603 2140 8731 8010 541 3204 5482 8405 4494 875 9622 9583 8708 9960 222 5686 9823 9741 5158 4402 7059 9165 4842 3690 9686 4399 4740 8385 5328 8990 513 5931 7482 9244 293 8024 8800 2128 2781 9646 3003 2404 5582 1712 8716 5804 3750 8540 1897 5260 9294 5309 4425 4136 8999 463 4887 3739 8849 215 9081 5714 2498 2916 1310 9144 940 110 1272 3721 6108 4275 2477 1690 5987 1194 3846 6089 
6086 2096 1349 5380 3757 5775 9516 9108 6238 4403 2847 5087 971 8280 7153 9821 1196 8463 8965 8488 8573 237 8562 1034 865 1039 2724 3204 8585 2923 9294 1023 1371 643 6403 5128 6418 2271 4236 9009 3027 3435 448 350 1715 7602 171 9264 6065 9137 7752 991 5726 2666 2025 6591 58 1101 6148 8643 376 5442 6019 1747 2437 2422 3227 5208 1046 7463 4217 4073 898 4665 4423 8966 8619 946 4582 4685 6435 2334 2028 2162 5001 405 5105 5059 1506 1253 54 8235 3047 2425 9982 5485 4848 3210 693 2246 
7025 4910 2671 4276 5927 3446 9594 4547 4392 4176 5584 828 2862 7612 9342 4215 4369 799 5626 5875 8405 2033 4110 1452 4458 445 3289 5658  7 3982 7904 3384 5244 6927 7660 1172 373 3606 5719 4766 7782 7655 1946 6997 1619 7640 1212 5988 4791 3191 1863 3196 5224 2326 1001 6034 9123 4290 1693 5482 8273 5949 8866 3517 2877 2879 1041 3250 6485 3112 4368 620 767 2666 7617 2386 306 5181 8374 1450 8372 6590 4646 9948 5268 5647 5983 743 6290 7676 6225 4563 9977 1443 4432 2854 674 5474 2457 7160 
8586 6825 4132 5706 9492 1749 8092 6150 3282 2819 7600 1655 9409 8599 7955 1029 598 3938 1772 6888 7966 4349 7803 7944 5792 2236 798 6467 4062 3255 9979 9000 6433 4111 4706 2277 2212 2799 4779 5494 5618 2380 3501 1379 7331 7809 2408 7929 1747 4180 4818 9714 8529 8973 7658 673 1209 4808 3492 1623 4416 3471 624 849 3934 5330 9478 2498 8129 4257 7993 99 2989 7846 7830 320 5655 238 8250 3755 770 9420 3469 5651 8393 7479 2677 5955 8639 6169 7578 3055 5993 8202 256 9927 3533 9734 2426 8014 
3992 6771 4466 6981 969 2296 3654 2977 8887 1904 6732 9657 7676 6553 1661 2421 384 4338 4728 9023 507 2307 8431 2852 6861 8687 2780 394 4774 1558 4761 8766 4681 5579 2099 5650 4227 5753 4979 3114 4009 1711 9124 8037 4616 7137 459 5000 1475 5187 376 8334 3846 8807 1187 708 3846 319 7454 8620 8229 8567 3738 2910 4146 5838 4912 8374 1591 9892 7840 1953 7955 6964 9990 8924 453 6801 276 1928 1989 652 6615 2187 5811 4154 2895 6010 825 350 4630 9054 8917 8369 8316 9416 559 3228 7790 8502 
9472 1982 455 3780 5299 446 9056 5752 7247 9332 4033 5588 6337 648 7776 8500 4802 7023 4510 5627 7373 5493 1033 2643 214 9349 2059 773 8929 6201 9275 4754 8183 9731 4886 3482 6529 3942 5587 128 9626 9620 5717 5963 268 9845 816 1422 6868 5326 3401 594 7171 786 9589 7385 135 1648 8158 5416 4201 7434 170 8736 3517 5056 8571 46 8998 4158 174 8625 3778 2243 940 398 2088 1756 1820 5309 3435 1573 2255 6958 2359 1844 4344 8846 9844 8854 4262 4045 6288 4433 9133 6157 5841 7704 6203 4840 
1862 2730 9817 5640 4973 7109 2390 3414 5218 4210 5075 5005 2135 7330 1963 846 5526 2659 9692 5370 1514 3955 5767 4154 4740 4900 312 581 2605 2867 5421 4467 5597 1590 6460 6923 8700 8850 337 270 9413 5412 5275 1548 9094 3590 2395 4620 6250 8439 9990 7764 2394 2109 1918 7134 7009 2230 7716 5966 5098 9489 434 7047 7432 3246 3970 2484 8448 4307 2754 7861 6071 4381 5762 1517 7971 4509 6137 4221 2948 2479 1985 1695 4588 256 8829 7950 8838 2897 3916 288 8739 702 7336 6171 3948 1306 8655 2397 
1966 7761 6610 4389 2142 2372 5907 113 3233 8396 687 2534 876 2672 4229 1816 9280 9410 6118 8119 8660 35 8407 7399 737 5743 9922 1038 3402 8577 9787 5368 2690 6397 6109 4832 5122 2016 1297 4707 6765 1984 7241 7641 1009 1470 5809 6641 7233 1928 4760 5893 8315 9520 9644 5404 1615 9566 6442 5017 4495 6229 6737 7185 8979 2847 8369 4101 1215 9666 8808 7980 8003 6050 1973 5364 3872 7783 2005 7457 6063 6766 3350 730 6286 2994 6134 7901 2560 2577 9271 7055 5158 6008 592 4137 8855 8961 4590 6423 
4980 3399 4403 2983 5801 6377 8347 6025 512 352 3483 6575 3470 3185 7305 6108 2532 3439 4010 1444 2368 9633 4852 7527 5641 5444 8016 849 4406 2607 7272 9386 2358 1675 8721 8159 4404 7068 536 4916 3772 371 7843 7243 3557 1500 3351 6089 1292 3713 3885 3660 3346 8737 7539 5340 4182 5556 2541 4940 4515 9813 678 6873 7840 9399 1384 8597 2819 1920 3513 6591 2292 1357 186 2201 2857 3538 4642 501 3603 8527 4162 3302 7265 8053 8642 7799 9961 1183 9091 4476 7348 9769 1349 1540 9168 2733 137 8339 
4654 3651 4930 3298 1360 5117 1851 569 5007 6493 1071 8610 5020 1585 1912 8637 9638 6906 2788 5952 8089 1879 428 1789 1648 8130 3330 7168 863 3467 5507 1869 3470 6790 1519 4830 1907 3370 1752 3266 9863 2823 8228 1236 760 141 6225 6750 3399 9014 2702 1489 893 3131 9630 8894 1261 2960 6062 8476 2780 7922 6698 6250 4712 8217 7433 2971 1588 9185 2589 1451 8360 817 9039 9120 7310 5265 5870 710 631 4925 8551 1524 8056 8181 6770 5669 7494 9185 497 274 7107 7195 2876 8171 5413 309 7494 3353 
9494 83 1156 7854 900 196 3326 8211 1813 9197 5273 2444 4122 3824 3968 8530 2005 7091 551 9499 6276 7400 6125 9735 4596 9002 4258 6361 9311 1752 9714 5158 8187 870 9364 9087 7418 2691 3650 9231 8240 8923 1675 8714 2747 1996 7244 1105 9087 4147 6956 1715 1547 3082 1450 2495 2084 5708 5208 7747 3812 4922 2905 1999 2145 2270 7438 9563 1313 1089 5147 9553 6364 6822 8267 5464 8818 1863 6569 4257 2362 9877 5972 261 2959 7422 2757 1395 9482 7965 5495 9646 9240 8400 1645 7737 7022 9084 3652 8335 
6525 8799 4240 2889 5622 8859 8353 792 722 1274 5050 3084 1152 1022 3346 463 4797 2455 8211 631 6772 3706 278 2364 8458 8275 101 1833 7359 3754 168 3884 2553 761 3126 8175 9620 1479 5320 343 9106 370 9779 6610 7744 9477 3425 2541 8284 1636 9525 5057 1694 6155 7421 153 4430 7523 1986 1790 7629 8506 2026 182 5619 5152 4710 5240 2984 30 1935 2090 6752 8066 5052 4496 3896 8477 3390 2180 6466 2915 7237 8160 9070 1011 4665 3500 4886 3003 1642 2515 7862 3669 9049 3481 5173 3759 5073 8157 
141 7008 6599 6893 1427 8003 1390 5323 6481 4780 7503 2947 4047 1093 7459 3117 2104 2125 2969 3342 5128 4612 5857 9342 4633 1258 2824 9806 5018 7897 4316 5159 1258 7267 8405 2685 5271 9795 4360 1752 927 1863 1051 4974 2956 8510 4443 1412 6987 7412 4754 2116 8376 6963 7810 9361 8222 634 5520 9592 4884 9836 1103 2494 3455 9508 1531 8726 5655 5891 6830 6582 4106 4233 7908 7063 2744 2351 4827 9731 6116 5934 8199 844 9249 6010 206 7471 2996 5726 3415 4232 1914 871 3078 5369 379 4609 448 2387 
6852 3630 8969 959 7864 3230 4374 6960 5581 9201 3043 8049 1487 7595 8894 737 9957 5452 4560 2953 1178 7976 3538 9444 8847 6616 1165 5578 7578 7965 7965 4430 1596 3287 1741 5812 6517 6115 2772 8450 1669 2167 6500 3156 9762 1746 3893 9719 7198 8454 9025 4728 2782 2563 524 1629 5531 1689 3559 9461 6007 7877 244 7603 1164 1985 9767 4033 4453 8891 8835 6122 1058 1687 9278 821 9785 9524 540 6983 7978 5917 8063 760 8480 8587 8741 364 6629 8652 6177 2636 6529 2773 6591 4045 1111 6358 4430 5564 
5249 3266 8038 6307 1305 3668 3480 1091 3192 373 4426 7522 6290 2490 8282 1123 7429 3375 7839 4058 2028 4016 6694 4909 6790 9637 8955 7901 5995 3385 9817 7596 3003 7855 3904 4309 1523 3736 5400 4716 4109 6178 2238 400 8668 6873 7875 6098 6600 5714 6508 4980 6082 9555 9890 2872 9192 8845 7125 5188 8582 6942 2784 1586 1149 3040 2247 2673 3129 3999 3741 7238 177 2331 3990 8846 9204 8217 1296 2157 3931 7804 7137 14 3711 7027 9238 2904 2224 6364 4444 7159 9658 3580 8745 7160 2973 7344 9833 6102 
1343 9926 9692 1520 2257 35 366 1462 8252 8014 9971 2184 2171 7108 8550 5882 488 7788 5138 2712 504 5934 9871 6515 5867 4968 3675 8840 2312 9860 1294 3655 9786 7338 1528 2043 3725 1894 9857 1978 6261 9828 514 8432 3289 9064 666 3777 3204 2157 2841 61 8091 9065 6576 3958 385 6603 9150 2698 6463 6796 2705 6249 487 4233 8292 4212 2480 4502 6190 5093 4330 3056 3525 7619 8472 543 7748 1677 2700 590 8090 792 6007 4666 1102 6392 7621 6605 5442 4084 9753 8148 6685 240 8733 4977 4453 7565 
5831 6995 2658 162 52 2535 4133 8524 3079 1882 6553 5779 8824 4643 2923 4831 5661 378 1223 3282 3335 6666 7366 3088 1166 4051 3329 6251 5381 4134 3817 1212 1129 6475 7726 7533 9011 8212 2410 8442 94 8963 4221 5270 9959 3497 101 5620 227 7676 5255 3562 4342 2621 6650 1860 3025 6331 8112 4758 465 1929 2322 7947 4756 49 1832 3767 8261 4242 2209 4707 9558 2783 6329 9517 2632 6430 1489 2859 458 6744 6421 1153 5718 9423 3013 5095 5755 1125 9853 2572 9406 2175 6871 4163 8576 8704 4282 3189 
9298 2844 4248 5208 1979 577 1077 4611 3359 2567 7470 3818 5663 243 4971 1381 9666 4336 6476 1773 1814 2681 698 1220 1209 3921 1735 9785 2625 2370 9327 8276 5214 3575 3484 7193 505 914 8156 3864 9833 1978 4034 5496 2221 5357 3230 8239 9694 6058 6365 1508 8740 7063 9080 6301 984 816 6086 9962 3186 5413 4590 4752 5341 4426 1945 5846 5340 6453 6062 5173 8431 97 670 652 5454 252 5243 1500 6310 1608 3008 1402 8671 2089 7703 6008 9257 142 5970 8795 1907 560 3547 7248 1338 1844 9446 6679 
8297 5509 1852 6728 1958 8874 3732 3764 5478 8975 5265 8141 584 4625 9543 9255 3066 3599 5263 2323 3741 7585 1118 2000 4497 1017 5601 5836 2861 5047 8867 1158 6908 719 7886 5218 5946 1618 8983 7776 594 600 5917 1178 5225 5461 6785 8292 5412 8401 6967 5505 5986 4438 7505 6836 5455 3106 2672 8317 4506 7891 5827 7766 8610 66 2985 908 1684 8320 5037 8630 8920 954 6160 4145 2767 9298 8789 8179 7699 2109 36 37 2899 7542 3225 4706 7000 2249 3023 1506 140 5203 5625 5103 5269 8610 6011 3305 
6930 7400 1936 5850 8355 4448 6347 1122 3746 1489 5654 7797 9950 5690 7835 2849 9584 1060 7555 6585 3310 6931 4443 3450 8486 68 8553 3755 8678 917 7060 1960 8317 8996 4162 3024 9797 510 4147 3543 8351 6153 1341 4653 1843 5528 7502 1428 2940 1409 4365 6250 4692 8808 6053 3178 8877 958 3285 3907 8227 346 2220 2897 5694 6382 5921 5491 3244 6420 9035 1595 2573 6728 6248 769 2256 102 8549 5196 7864 2914 7799 8908 1722 204 8439 6951 7514 1724 7211 5742 2070 9431 8639 7765 5813 4560 3256 5410 
981 8643 7005 9906 1723 9606 675 331 6060 9224 1880 276 2138 9679 9185 213 6235 7624 3516 3749 5700 7079 9491 7771 6510 4482 1888 8676 5395 5144 438 2728 140 3795 2634 8215 3401 9662 8547 5814 8886 427 2442 7377 6458 1627 3942 2693 5603 3810 6442 1304 890 2286 5427 3752 3120 7315 8780 8515 8811 9218 1243 5303 3014 230 3519 2767 9892 2066 8581 5130 2493 1024 8859 8951 9003 9153 1644 959 2964 4438 8615 206 3076 4042 3958 6197 1357 9091 4712 168 8309 2308 1824 1323 2538 5343 443 2430 
7409 5376 3912 9902 2752 2772 5205 1756 1925 3201 9067 1241 3991 7682 1447 7068 1724 1758 9617 9433 849 4329 5953 9158 2989 7777 6834 5527 3120 7277 4309 6881 2653 8222 6783 5406 994 8340 3514 9271 1541 2581 513 5533 6615 1960 2601 4691 3718 2218 4124 919 2899 6429 78 2241 559 3264 7768 31 541 8430 6913 9546 6652 48 1304 3998 8389 4818 3269 9930 3751 3782 5463 6718 2095 4416 1409 2165 2986 1885 3085 2238 4667 9515 4479 5226 2779 8599 5257 3320 7029 2170 9218 3681 2219 523 4031 608 
1693 7301 6890 1797 7435 8706 8515 9530 3122 9925 8048 2461 1810 1133 4699 6477 7000 5530 8055 9779 4129 3313 9451 7511 1835 8669 7544 406 5544 1576 7366 7238 8877 4257 9035 6312 2963 7550 2195 2437 3827 6595 4898 1990 4080 5949 8467 1080 1479 2875 859 1961 6188 310 9472 4375 5331 3368 4782 876 4944 2148 4466 3821 2757 3501 6486 5720 7403 5033 4510 1231 1628 9408 3221 2060 1710 8040 3140 9541 915 3999 1502 3455 661 7326 4183 5992 695 8965 3220 5639 7465 7686 5813 223 1187 8651 2295 4943 
3684 3157 2526 1664 8918 2099 3724 628 6491 3216 169 3759 3567 1672 7214 4228 5350 1397 6572 6045 6714 9793 8037 4180 7479 3850 755 5019 8853 9402 6314 2537 2560 8840 553 1478 939 629 2106 7430 3845 2275 1189 7412 299 4756 7992 2002 2505 4564 8047 5572 4357 2436 6104 8189 6286 6859 3208 5139 6261 9522 4028 5173 4714 933 6651 5653 7914 5109 9435 8111 3737 6977 5523 4036 8085 9867 6038 590 4432 438 6162 5141 2874 2266 3330 5513 5477 2890 7004 8091 8764 7385 3264 3478 8318 6268 5483 6233 
1377 1271 4344 5114 8248 6220 5503 6333 2439 7893 3275 6871 8331 5790 8365 7558 4408 8047 9423 9886 7290 6427 4329 6054 164 3945 5885 8483 213 1368 1068 1591 8991 1764 3057 7239 4336 8560 9924 6776 2806 3200 9999 7489 8990 8364 5047 9750 2764 822 9636 54 3602 317 2460 3766 4263 8345 2249 828 6066 9669 8771 5057 1434 1829 8649 5770 6741 8573 8898 9547 8125 8898 7037 3467 3614 8436 3218 6378 9259 9206 2784 2861 9524 5245 6627 139 3590 5229 967 6008 4898 9739 1066 2684 7920 9715 4807 4661 
4640 3705 4209 2766 2603 7598 6233 2570 6034 5803 8948 5293 5010 8085 4506 886 3330 1134 1025 6920 6363 1992 9281 7613 8083 347 298 6003 62 5105 665 1054 5162 1226 3820 7766 8824 6406 6688 1210 2209 5636 6504 7219 3721 7362 8105 3403 8496 9130 6676 1211 7475 5957 5177 1910 6304 1827 7914 2718 6932 4931 3772 2094 6157 3945 6212 1333 351 2900 2543 2560 4889 5399 9780 4962 2762 4237 8366 7610 9720 1394 5174 3547 7351 351 5457  7 2178 3371 2725 5462 8302 2849 3908 811 6794 6473 2144 7145 
5725 1040 9706 6966 6439 5838 1929 5553 75 6647 3164 9795 8041 4690 3342 1744 1393 8800 1751 9923 8523 4476 5385 3178 3677 5645 3989 472 2118 2486 3969 4196 3526 3675 1162 6317 5865 3091 1871 5941 6090 1387 2088 483 2429 1783 2227 3822 6935 3978 3745 1810 4806 5482 4988 8484 1127 5330 5308 9598 7816 9277 3794 7694 9305 4956 363 5170 4400 2234 7463 490 9973 9552 974 2402 7687 9553 6224 4622 3532 6321 2784 4690 1803 7773 9526 2931 3103 4834 8881 7271 4112 2675 4965 3417 3983 5328 4939 8383 
3915 2403 5226 240 8307 2552 8995 5994 2105 1571 6968 1989 7893 9752 6680 9696 3877 6206 8979 6980 7393 4212 4251 1505 3239 5568 1274 7223 7249 6213 5606 7516 4968 832 4108 3275 9736 3103 9269 1842 4675 2589 3831 8920 2342 6863 4968 6219 9422 300 9552 6815 4512 155 4672 7752 2076 2298 4975 9325 4863 6933 3193 9832 4118 7301 3107 3854 6757 8729 5696 7784 1318 5880 6704 12 9095 1672 2584 8517 1972 2136 1684 2837 2291 2708 589 719 5006 1916 44 9870 5201 9589 9702 9319 3243 9161 3174  0 
7890 5222 7784 9209 7454 840 5573 2902 2512 8157 1419 837 293 9456 3674 8937 2164 4263 9656 7171 2531 6053 3393 7732 1994 9447 7052 5237 8608 6578 1589 6499 8152 5725 2060 1959 6565 3985 4861 9078 2143 2632 9915 8788 2088 3589 7725 605 4204 3734 4128 6735 9787 7521 4467 1781 6968 7871 3371 1928 801 4960 4779 8954 7038 3191 7265 3603 7177 2126 2681 9320 4758 8948 8108 3199 8889 2186 3804 3093 5920 7932 6180 2059 1805 7000 3840 5125 1223 3563 7053 2025 4876 1833 7331 1914 5024 4596 5517 2201 
6722 4551 7873 7832 9851 5982 1031 8741 8168 1187 8186 4088 9119 719 6147 7276 7719 6339 2401 8942 6255 9455 7319 1131 7640 4650 9397 9016 9246 1266 1218 2320 2169 9091 153 8373 1425 1184 3466 5945 2372 1652 6385 7843 8723 2532 5120 2794 5224 3873 8089 7831 3328 5408 5314 7320 59 4711 6337 5657 2329 3907 7978 4499 9350 8131 9224 776 5667 2690 6721 8039 4342 3107 2235 9418 1991 3707 2212 3567 7580 301 7750 7261 2062 3064 4581 8473 4127 7270 4130 2809 1177 2108 3660 528 6591 2884 7656 2259 
5574 729 6650 6268 188 8885 5686 8532 8944 7899 8451 6525 4552 6202 3786 6614 5618 8367 5087 9746 1990 5570 2555 3167 4030 6215 47 622 9099 4055 9233 1025 4785 5883 7293 1325 1121 2980 9857 65 7231 4661 2942 8135 863 6728 4750 6481 1448 6189 2579 3438 1759 1486 2957 2142 4053 3005 2764 9504 3412 1997 529 8197 4232 7823 5875 1705 7155 5732 8123 4386 393 1065 2521 7608 4146 3623 442 1946 6165 9373 5384 4276 860 4693 6418 1265 7698 5534 770 1111 3883 7651 5660 8116 1826 1535 6173 8981 
3620 648 9719 365 8066 8593 4326 2212 2216 4768 4158 4733 4141 5894 9010 1353 587 1780 8971 4638 7315 9741 2101 1198 3744 7761 5666 5571 5649 1840 4552 5621 2488 4272 2338 554 2865 6664 9118 1433 7784 3276 6167 8278 5522 1529 9631 6110 3309 8602 748 624 4695 9201 1823 8440 3314 7489 4011 5315 5681 4915 936 4522 5539 3275 5076 4756 6291 547 6190 4076 175 8709 2354 5698 6590 8337 1808 9899 3292 8908 6876 7987 4461 5051 2779 7775 2540 3142 3091 4574 4410 379 9096 9949  6 524 4706 6298 
1071 7248 374 1247 5957 9080 6945 2547 7417 5105 8798 709 365 5674 5049 1178 725 4180 8953 9618 7323 8396 4192 8085 8776 9640 8034 8782 164 9092 5080 1236 6340 1806 8835 8649 886 5780 1196 4656 7237 6347 1717 3954 8373 6766 5132 5451 7299 437 5069 974 8834 5613 9059 7610 5253 7093 6392 5417 6186 7825 3005 8878 5983 1840 7528 3222 3972 5076 7878 7561 1423 9595 1515 9797 2714 2999 1600 6365 3437 6669 7339 2271 8634 6398 6233 3887 9843 8977 5656 2381 6802 8662 1260 2786 502 5140 2360 827 
216 238 8388 1640 6185 9904 7789 5251 9255 9389 1616 2692 2410 5307 1315 1044 8057 7548 1283 7901 6526 6939 6634 3328 5601 4246 2466 2456 9386 4826 3283 9603 1416 1671 7595 3954 7927 1736 5557 7183 1125 3526 9875 9887 8833 7543 7283 6891 5091 8566 1144 1617 5505 7778 1298 7459 2025 116 9915 1411 4943 9550 7366 2711 1221 4961 3017 5501 6697 8575 2684 4174 2101 8911 413 934 6454 7696 4177 7898 6262 5321 9515 1768 9452 813 5579 1477 930 5494 9240 2225 5044 2959 1288 2617 7920 4306 4470 970 
9233 3506 1496 1334 8770 1910 8620 1576 9606 9150 9474 2221 4471 8990 341 3923 6155 5920 1752 3437 1414 7345 2014 2810 304 3303 1779 4576 3961 2602 5546 3194 6108 3395 880 4878 5305 5852 6455 1263 5002 5929 9836 5826 1271 177 9749 7427 6097 7854 7216 3863 5199 9231 3025 5503 8886 1157 79 2847 3759 1978 2393 9867 5373 3273 4746 7030 5477 7553 4645 480 3482 4482 6306 4754 1011 2407 8533 7109 261 5749 7324 1812 1332 6702 3667 218 7859 3747 9417 7970 2077 8162 7837 3802 7787 8935 832 3265 
6488 1829 3745 6323 6311 6403 1077 7323 8810 5962 784 5424 1711 4460 7236 9396 1162 904 9614 5373 1003 5384 3343 3080 3546 1181 3234 1334 6468 4066 4599 9309 5895 4696 5632 8559 1099 3061 2234 6261 9023 9370 8037 7086 3830 1626 6482 1345 2530 2449 6718 9885 4185 62 9317 7731 7595 2551 5417 415 2969 6368 9724 5216 1064 1708 3775 8515 4769 2361 1129 3792 8083 9166 7231 8266 792 3713 9611 9674 2514 2681 5911 6699 9095 1580 783 6690 4131 6200 3458 7100 8921 9534 8669 9985 1243 8796 4853 6012 
1158 5982 6157 9241 1500 3388 7507 8645 3453 3470 4671 5968 6152 583 9019 5247 2163 6154 8290 2647 2355 1748 6099 1276 1282 4768 7613 8877 3565 8818 4890 1075 4800 7399 316 2653 787 4176 1298 4240 7646 5969 6560 150 2904 1932 5398 5068 8086 3688 4067 6793 1788 166 4421 9422 4935 2035 8300 4852 853 9542 5927 2006 6941 6243 1011 7728 6771 2309 8320 770 4630 1233 920 3887 3165 6318 5307 7603 6358 9374 4397 8146 9540 8818 3921 827 7205 2221 5679 4411 1763 1606 6417 5056 4202 3780 2784 7325 
2441 7456 8095 7071 8689 9016 7310 8206 1686 2617 5810 8045 1991 6559 2543 7884 5377 6464 8711 2583 5037 743 3346 3152 8701 9763 8208 2903 9895 7344 6581 2336 4801 4676 5759 9842 44 3070 8049 1731 5687 211 6128 4031 6770 8671 1915 8499 1488 6978 7434 6525 7721 780 9678 6423 6895 7886 5678 6790 5231 2259 9126 6384 6936 1238 6226 3332 4308 627 5063 6347 7190 7543 378 3960 6215 8645 2460 4055 5624 6246 580 3345 7027 6610 9768 3922 4497 5447 7065 6080 4058 6191 2464 7346 7429 5042 679 8089 
5670 2094 4437 2860 9638 1167 3173 2205 9813 1985 6260 5437 8231 6840 8782 1610 9803 4903 5533 652 6702 2598 6732 760 5141 5548 4459 8923 6942 5138 7012 2612 3584 7801 1825 3222 8969 1350 1779 8782 9687 8039 571 4270 1232 9353 5881 1035 608 7766 1687 7310 6716 4771 4423 1857 6671 5234 7132 3613 372 497 6226 308 8298 4403 9883 3619 2105 1662 8753 1792 6054 9324 6062 7286 5030 8295 4673 1990 6061 2712 5653 2777 7483 76 987 506 5310 8119 4119 2034 4968 6697 2342 3267 1100 8577 3238 9557 
240 8344 1349 2646 7668 3764 6284 9050 2059 957 1041 8121 21 6694 7250 3856 3122 8237 4362 4784 2709 8481 6818 7677 5179 5512 7296 2631 442 535 2189 7034 8879 9890 9680 2899  6 5964 8302 2066 6921 9343 6539 3294 2389 141 7150 5511 8379 1512 6647 7440 6345 9817 5117 1524 1681 8766 4156 2123 9301 2697 9157 4532 2587 8837 3783 8946 4801 2085 7364 8074 7780 3903 1368 6521 396 4870 8384 8775 6382 5031 2567 2728 4848 7685 604 6530 6451 1112 5005 2104 3809 4163 2988 2749 9352 3123 1695 4154 
5209 9059 8580 9341 9314 6301 5863 9710 1171 4247 4838 3906 5631 7405 2986 479 1442 3590 3361 7893 4703 8367 6349 4864 8882 5689 7613 8234 8813 5660 8740 374 4719 3673 9715 385 9974 1930 96 1145 2530 4934 5051 8161 8691 4389 4992 134 7980 8354 4379 9035 3073 729 3899 8307 6418 7865 2893 5231 3525 1634 1957 4597 1659 1673 4982 1633 3603 1430 9130 2485 2716 534 646 1408 4923 5639 1542 9255 345 5921 8290 3418 3002 8542 8077 5773 6407 970 7356 6284 8956 9314 881 615 987 2216 8600 942 
3646 7731 3428 6363 8265 426 7771 9540 6065 5665 8796 6410 7938 3438 6180 941 1980 609 3066 4739 1580 422 1024 536 9736 8257 7504 7075 473 6104 4370 4120 187 4150 6835 8452 4576 958 4345 6994 6623 3141 9756 913 6579 2289 8206 4912 2898 1272 9651 830 1695 675 1367 7783 5285 5223 1211 5758 1327 5581 6230 7867 6083 3065 6319 7011 4023 7016 357 6998 157 114 7912 3089 2403 6118 8001 1653 3743 7652 2484 5438 4680 203 9573 9965 5426 784 2075 3105 2717 8306 972 8800 7723 3644 2164 1747 
660 2521 5097 7170 2635 9361 259 1390 1832 8260 9396 5575 2264 1880 7365 6944 8435 6938 3261 213 4075 5337 3318 6792 3643 643 1945 1366 639 4109 9465 1299 6630 915 4821 5618 276 5080 3360 2108 9692 2756 7683 1957 988 5048 5253 9423 8339 8515 9636 2414 3852 9307 9206 3847 6302 7503 1565 6941 1612 7383 8240 4595 8298 3062 213 8574 4494 9925 7035 4187 9034 4718 2496 22 6119 7749 5798 4458 2616 1786 3224 2820 7445 2430 6667 3747 9934 4585 688 7898 1968 5281 2493 266 4695 9058 5192 9189 
5336 2227 9728 4370 3298 2224 4392 9417 6326 6542 227 8942 8329 3451 1763 5774 2233 4782 9522 8519 9367 6562 6418 7687 1843 5263 7953 6538 674 3146 5728 6010 1725 5456 380 5023 4033 1124 792 359 7667 1019 5653 2348 822 3768 4474 9408 4903 3996 7927 622 559 697 8310 8754 2313 2615 5293 2987 2113 7373 8997 3839 9181 5729 5214 3214 6853 6007 9925 872 3378 5579 3220 553 5699 7695 9961 602 8043 7888 1225 4954 4938 5887 3709 7251 8502 9002 238 616 6375 5587 4455 5556 1316 6021 5123 4521 
2028 5048 5394 1759 6979 4966 2312 9031 2661 2273 9633 7057 6513 7210 2011 1451 3097 5720 5054 7952 1074 5292 8568 3801 7231 9375 5710 4899 5396 7185 9421 3777 8585 1167 5536 5565 6133 7848 948 5147 121 581 2204 2986 4144 567 790 3593 2640 5844 1545 3714 7489 113 3868 4720 5840 5930 9620 1237 3115 5393 5014 1700 6560 6902 3617 9045 4750 4565 544 1223 1499 2748 4209 5643 9668 4999 5588 2308 7196 7134 2374 4685 3599 6242 5757 9440 8524 1729 7029 1639 7122 8395 9692 34 5297 3309 5432 6399 
4227 5976 7622 2078 5077 1831 4073 4745 3183 9661 7053 6731 6795 9427 1416 6747 2022 7173 2539 6898 8903 5920 8538 2377 4315 4582 8764 5964 4243 4196 2363 4822 172 9985 6900 5249 8168 973 6346 7703 635 3399 4434 3782 9179 2202 6881 7553 5728 9420 4451 983 5340 9341 3360 6007 275 2124 8323 4519 2672 686 9341 2845 7023 6242 4446 1544 3567 793 5599 554 544 6386 689 6075 8588 7570 9980 4316 6991 784 5299 8683 6477 5012 1043 6753 3488 9366 7624 6161 6405 6965 5358 9780 9559 6156 7676 9479 
3301 3276 33 198 9662 722 6273 4602 8293 2606 5271 1636 3390 6922 6671 9867 1934 7714 6620 1775 3433 596 4288 9838 7562 9646 9618 3473 5802 7295 2952 5456 6923 9338 5654 2937 60 8279 7539 4705 885 2810 6341 4275 6085 3013 495 8019 7079 3467 6146 512 4064 434 350 7978 80 6321 1451 2235 9968 756 4043 3243 94 9697 6180 6506 7976 71 1212 5214 9234 3905 9489 5319 3270 6336 9690 350 9804 5837 862 3868 6271 7565 1846 2704 238 9649 1291 6558 6757 1686 9801 3203 1383 2333 6062 5711 
2404 7274 925 1638 1179 6767 3309 4450 3103 3000 1152 9259 5189 8366 3127 7812 2283 1325 6868 2521 7327 8159 5431 4084 6197 5232 3640 7580 7565 9702 9644 6322 3328 6921 7960 4507 3688 7622 5309 3144 622 2813 2403 5811 1180 1883 3623 3463 3208 6844 2337 6887 5003 7768 972 7553 9353 964 5133 3270 666 1129 9592 346 8051 3905 1205 8091 1527 6515 7587 8501 5680 6343 664 6860 8226 4287 6676 7786 7483 5365 4674 8839 9485 1998 6392 8838 2962 1525 2109 9980 9007 8053 326 7058 8310 1531 1501 9837 
4398 9089 4690 6431 5432 5354 9643 10 5994 6319 7796 3477 8036 2470 2316 7522 820 8708 6360 134 6586 4821 114 5593 9227 6792 9003 7537 4676 504 3727 5426 5945 8417 1857 7729 3772 7853 4091 9766 4172 1888 3243 8561 710 5560 6083 1531 620 8795 1665 7206 3617 8132 2799 2844 1276 1802 6733 2304 8659 460 7731 956 8878 5940 5038 2650 3793 9129 8768 4318 1017 2011 2879 8080 3923 5314 5963 4544 4109 3980 1750 4078 2112 902 6922 9741 9056  8 2045 4067 468 6128 5024 5698 2069 62 4700 2214 
9191 3468 6532 6561 1832 5763 4641 2107 1077 604 6651 5187 936 4754 9265 3049 2008 2540 9142 1064 8900 1187 5132 9368 7316 6508 5067 5737 6570 6119 7951 2113 9588 836 5026 1420 2951 9667 3527 4029 6623 6531 5568 7560 7637 1185 6961 9645 77 6103 709 8977 3642 2193 8346 7310 8701 9765 3047 1623 5884 7351 89 1824 8187 5115 9596 1138 1135 9476 1519 4110 6007 3439 8022 3644 4625 4983 3289 4702 7438 350 32 7433 8896 4730 4743 7597 4495 7791 5573 6731 1494 5662 4908 9681 7129 4504 7171 8264 
3980 5043 2375 9987 8482 397 9983 3107 1733 9624 4162 5523 6327 4194 2956 5223 8924 7700 2820 9771 1843 4745 2854 3337 407 7762 9370 3889 8619 2893 2153 2599 7936 880 8939 6419 7630 5274 5878 5715 4899 6392 1238 7578 586 547 2801 5862 4599 1973 1985 6442 6719 1192 6131 3478 5306 5501 7367 3925 4746 5873 2877 2683 6753 1816 9102 4383 3442 1332 98 4693 7725 7689 2271 4663 8236 5072 6878 2835 3398 8863 5629 117 6407 1760 9947 1714 3613 3667 1991 8359 9540 4868 7394 2645 3036 2848 3381 6479 
4181 9831 1172 1906 7520 3444 6569 5756 4868 9799 4943 8266 8663 572 4735 5070 8684 4683 3136 8649 8350 5128 7009 4242 9996 755 6887 3033 3604 268 5864 7785 100 3388 6043 3972 3184 8964 6081 8053 8764 1024 2671 3779 7949 7407 8849 6633 8442 8338 1635 3144 3466 4996 7386 9814 5751 625 9199 9355 7246 5063 7140 3698 8452 3183 7670 7988 8500 3751 6041 7264 1128 8713 1043 9077 2472 6244 2062 7266 4582 3697 410 4400 8693 4148 4215 4445 1125 9766 152 8371 4830 7293 2069 9634 6828 9740 7622 5328 
9843 16 8944 971 5081 9987 48 3905 6232 2111 1171 7166 2160 1581 1567 854 2081 2134 1651 3206 1900 1803 1578 3082 5448 9999 2716 8629 9739 6691 3957 5935 3059 9254 6906 8140 9241 6955 2045 1825 5418 3216 8992 3930 1149 559 1136 3230 2693 2787 6436 945 943 4366 4028 6391 4366 3096 5020 457 9787 5330 6392 9198 4584 9651 3690 177 6606 5735 2003 8376 5303 995 2306 2804 7906 3443 6034 6951 2582 8823 7896 3525 9541 1924 6269 3907 5021 7641 717 1160 2971 3461 359 3907 3112 4049 437 6070 
6137 2440 798 7792 9787 9457 597 7693 9252 2983 4644 1834 1806 8892 1712 1348 817 7981 1607 2190 1974 8676 3350 1298 2138 61 5205 1602 463 5642 7673 6600 4434 4823 4392 4221 4280 1341 1914 3532 4325 2910 1719 2483 1803 3431 183 8972 7764 1791 1162 9738 6819 864 1036 5309 926 2594 6912 1389 4588 937 4341 5375 5760 5085 9596 41 6427 7863 9925 7104 773 1644 9587 8928 1427 9771 7900 5543 7914 5414 1634 4733 6279 9022 43 7205 1616 3307 4946 2557 596 9287 7932 6356 724 3880 2749 7151 
1743 2675 4255 8869 671 195 7797 2099 9966 2050 7642 7880 7464 9276 8965 3743 8299 9008 7300 6267 8667 2246 5176 9263 7885 3108 1972 8610 3341 4721 2113 5084 3748 2721 3953 4420 2916 8103 6519 2882 6505 513 7114 3969 6142 6079 4065 793 1440 1365 7060 107 9964 8589 5723 4201 8049 7695 2811 1390 2416 1277 6475 6165 350 6780 6937 3266 1235 3456 2500 7740 321 9614 8062 6463 2045 2127 7256 3485 9844 669 9945 9808 9258 5668 362 7307 9715 9525 8698 8483 802 1525 4648 1152 4657 7937 770 5893 
1393 3270 9985 8067 9236 8047 882 1282 6526 8139 1119 6371 5160 7416 2531 4418 3084 2893 8077 9151 2419 3127 7635 9573 4652 8635 7078 5662 6573 7848 7907 4318 7471 7892 2385 6707 2292 3268 4341 5170 7759 1813 7893 2919 9229 425 3689 8666 9670 8118 7817 8441 1246 5452 8015 2250 4088 5093 7912 661 9293 2171 1331 6764 6416 3717 9824 8708 3337 517 230 1096 2330 8124 367 7912 8549 408 2930 4571 8526 747 3013 9772 2552 7380 8375 2992 2473 2639  5 8118 4811 1336 4883 1227 5053 4707 6287 8390 
1576 6517 5838 259 4641 6205 8171 9542 6613 1101 466 1492 8200 3479 7616 752 859 5991 3744 9684 8631 101 7802 9794 1438 9037 7373 6491 96 3660 1234 1673 6529 7072 8284 7523 9630 2807 7065 2595 3908 7531 4087 8460 7362 1704 5565 4573 4047 5661 609 9030 5763 4764 5176 7201 3801 2549 44 250 6209 1278 8275 9091 4703 6559 6614 4333 9366 3679 3280 9626 7563 7368 8086 1277 5424  3 5851 5823 5665 6460 4854 1428 1224 30 4981 1378 8932 5025 1628 5141 6304 9903 4232 7359 6462 846 8044 2180 
878 1324 1806 4793 5044 6244 6070 468 6248 1921 2644 1913 4734 3850 9693 2310 3880 4674 3688 2812 9699 1668 4306 2355 7923 4890 9714 737 2089 4110 2917 9319 5435 4723 4112 479 968 182 7300 7216 8456 9944 5481 9542 3794 1526 8204 4026 6200 1893 3191 2251 9913 7497 959 7837 8739 7025 4926 828 1136 7844 147 6571 2567 611 3402 9887 7146 702 3455 1954 6998 5288 1496 792 6814 9700 4819 3014 7945 4362 1618 4211 8211 2577 8400 6950 9602 3326 4131 7090 1170 630 3661 90 1242 3416 6329 8388 
4118 9785 342 1117 1425 8190 8261 8240 7890 9432 7606 2188 3794 9224 6399 2005 8153 1151 5308 4108 4477 9439 1198 5648 69 1212 2090 7663 4628 8419 6051 5098 4556 2745 2567 5982 935 829 574 5178 261 8180 3718 4056 3757 6469 2413 8262 7620 7721 8722 2097 3512 6273 4097 3582 7485 6187 7597 8465 959 3649 9915 1867 2746 2483 7849 34 3312 4775 5212 3573 9308 5282 3981 9417 1751 6395 7679 5723 468 2754 4172 3981 9027 8270 3915 6512 809 1512 1329 8120 1513 1244 9988 4260 3727 4189 4294 3391 
8965 5858 6965 4625 7492 7298 4042 9243 3693 8073 4966 4162 827 9138 4495 9854 3760 8410 2718 922 9922 4047 9042 1436 1644 9030 2048 1723 9572 6342 5115 8537 8552 8432 9514 6044 5730 3556 1639 5776 1629 2957 6290 8809 8447 785 5015 2208 9195 7734 9482 9117 8133 8524 6905 9777 3907 8953 1501 3479 1647 6616 8368 6551 5048 7882 2595 7130 7790 586 2906 5771 3543 9196 4580 1991 9981 9596 551 5528 3682 33 4646 1815 8557 7903 7945 8816 6857 9446 2295 4856 2414 7015 1408 3814 1249 4003 944 9039 
942 203 4811 4485 9399 5743 6476 5733 1691 3379 1261 5373 3412 2259 7189 8322 163 5134 3490 3372 932 5786 8228 9698 9153 5988 9864 403 6344 808 9442 7286 7363 605 1771 6763 6349 4600 8848 8040 7979 109 3414 7744 8721 6955 2418 8884 8441 5908 8608 9373 8046 3188 5423 7200 9177 5287 7603 1873 2447 3397 9159 9811 355 930 2926 6704 1882 1774 1096 6214 8235 862 3958 6956 7817 6376 2192 6258 8636 800 1983 6683 341 3758 235 5870 9045 4190 7743 1493 7587 6902 1304 7942 4184 582 998 6067 
2356 8447 8633 591 9309 2591 3900 3479 5319 6092 6089 307 3245 4425 6990 9938 8183 7225 5808 7229 1415 3551 8722 5355 6805 6378 9649 7341 6960 7000 9760 5668 5447 8393 2611 4756 7336 6511 4587 2655 8956 677 9315 2201 5102 6305 2139 3285 9883 4299 514 7650 7850 5588 3005 1007 8318 9007 8348 1630 6007 8109 7298 7806 6502 6262 8914 3839 9125 3502 2846 8081 4179 2161 282 5633 4819 8773 8918 1054 3072 5785 8704 7274 1373 8062 4633 6044 3421 2982 7674 9428 1091 1325 3586 3945 3939 2500 4136 3064 
6002 3335 1146 6533 5496 7780 2166 6667 6554 1085 4073 5978 3222 2778 9605 947 7192 4238 6991 613 7220 1018 6393 4663 2343 9979 4961 6282 2479 9097 9346 8482 2432 6844 5015 4281 4625 3534 7300 7531 971 1374 3509 4193 4152 3114 5140 7696 3705 8484 8309 925 9502 4702 1941 8197 4681 6902 831 7160 2351 177 1994 4784 3374 3362 5417 7999 6896 2717 5530 7867 4091 5391 8412 4595 4858 9904 8643 8563 8388 6952 5840 7890 8006 7781 6087 2687 1035 6918 6200 3387 3448 4546 4523 6822 7908 9940 1173 1156 
9009 6703 5375 9453 8446 3787 400 3304 3692 9044 1867 2080 5996 7708 6323 4003 1841 2410 3042 2877 5681 5594 6264 5481 141 7139 8655 8049 7079 9828 9206 6088 2883 4581 5541 1329 4721 5942 4634 8413 1338 6501 6845 7334 561 3168 7689 2403 1931 7084 1632 3964 2678 4248 9445 2819 1387 4452 869 4818 4280 6427 906 3515 7360 2800 4844 2081 5094 9478 6846 6432 2332 3692 118 9245 3212 4160 1648 5143 1244 3280 5459 3922 7528 1256 3094 5267 5708 3963 85 9988 6742 992 9855 4102 144 4700 2536 1590 
17574
