100
8718 3024 2878 5821 2948 5935 7150 7625 3192 8672 5125 7669 9579 7168 5806 3410 2964 6239 3664 7342 8826 822 8301 1727 2485 7530 4453 5517 5176 6216 2879 3894 5592 5758 6067 8540 1693 3218 2518 1237 1890 7643 8907 7821 1163 1065 1231 4127 3656 1248 7822 2482 8422 2475 561 907  5 5014 6424 1533 1230 5655 5428 6822 1413 1495 1715 9458 1065 4233 696 9307 8228 9603 7128 9391 7020 4712 9870 676 2312 7692 9510 734 167 71 1641 6524 1438 4417 8058 2668 72 9838 5843 7838 7685 7558 7296 8751 
8143 7992 4410 6371 3947 7891 2114 7319 2603 1984 7995 1267 9677 3857 2001 6196 281 9994 9073 1719 4411 7131 739 835 3321 6582 8673 1006 492 2322 6109 4987 6666 520 1358 6966 8411 9824 4285 7366 1809 8633 8633 7838 2490 634 386 2771 6980 9459 842 7743 2942 1582 8578 6263 4516 3604 3622 5009 5926 9731 9996 2592 251 7707 9558 5014 7531 3844 2380 5692 8829 1013 3530 1319 7999 3917 443 4979 9728 1285 2722 2671 2867 7653 5286 3736 7609 8908 8745 3535 4992 5093 2479 1595 9152 8390 6610 3036 
8586 8990 8728 7415 6356 8611 5086 4355 8880 5529 5687 4960 3167 8409 3983 2386 2414 9270 6122 23 4530 1219 9910 5874 2665 8742 7470 1817 7132 432 1205 5718 9422 6286 3133 2130 4897 8219 6486 129 101 2173 5089 3268 6934 9073 2006 5701 4695 8129 2076 5577 5700 1987 1452 8365 729 5274 6535 7861 5706 4092 9931 1480 378 3064 3611 1627 1283 97 1756 7736 8622 3198 7356 1908 2271 9363 7609 3318 3844 9686 8895 9544 8025 6699 4262 5106 1973 7149 9319 7679 1241 9250 9160 1620 2314 2771 3247 9949 
9220 1356 7686 4194 4554 1394 6102 3177 757 3712 6495 4601 9750 1742 498 7775 8442 1112 2881 415 8261 2200 8095 9502 1450 3607 1122 116 2730 722 6417 8302 2078 455 2496 6632 1850 8598 9809 2607 8662 2656 3561 8412 4398 411 2539 2840 1523 5420 3256 9784 3972 7703 5638 1774 7662 6761 8242 6744 7483 4660 5046 5913 1467 7542 2545 3317 2492 8706 2277 7507 7714 2190 5919 2112 2601 8459 1305 476 231 4561 6612 4204 8616 2250 2330 2630 5363 573 9374 2846 1585 4420 5111 3052 8314 4008 2722 7158 
2714 4999 4665 6780 3541 6937 8893 2494 5396 198 2970 1979 1111 5934 6183 6079 8184 4866 8709 3548 5439 4435 2746 7024 5207 7858 6428 9873 1866 9150 7031 933 4149 8049 7713 4042 4986 2958 6536 382 9508 9506 2361 619 5440 4897 3050 9977 6115 8111 3525 1554 2546 2623 4930 7753 481 1358 7626 8700 6861 1010 9633 7362 9059 3698 1405 4045 3009 7941 779 2517 3800 9492 9489 5592 741 2539 5569 6856 651 5446 8410 3197 8070 9692 7303 8551 7403 1281 7251 4264 2291 3236 7978 7702 3287 9383 1747 6296 
3677 8878 8813 7477 8371 8302 3069 9112 7194 8639 5969 7845 437 731 7394 8507 6776 4697 7059 4179 5979 662 4795 4622 251 2773 2325 3538 8509 424 6186 2186 9303 1351 9663 4026 6006 9084 3138 3200 4075 5459 1045 4513 6191 8439 3020 2967 9489 6431 3498 1820 7094 8293 2794 3697 7418 1471 7235 5927 1896 9773 8113 7551 1124 4128 1577 7130 3213 1067 330 7288 6527 1375 1801 9070 6167 1174 2037 2008 7605 1887 3828 4699 180 6622 4748 3950 8094 8335 6230 6342 8108 695 3893 9233 4824 1822 6363 4389 
2889 3046 1677 5768 773 9831 4838 6940 1005 3227 8948 8610 5114 9128 9662 1646 5751 4410 1949 197 2746 8179 6539 854 8874 6784 6439 50 8606 2803 4439 7847 2201 6117 9968 2974 5948 4806 9915 3305 4386 5215 1915 9500 4344 7929 7499 6447 2340 9448 6644 1438 3979 3183 2292 2853 9967 5084 2904 4925 4239 7343 9124 6440 9812 9092 9414 2112 251 5681 5417 4637 897 3685 489 1593 1614 7988 4392 306 3788 1036 1744 7767 571 389 6973 538 5473 9877 1815 9712 3572 939 6152 3385 32 1918 1849 283 
7600 7267 4920 4849 7304 1761 2794 8918 6102 7186 9225 9890 8222 969 4010 5145 7710 7335 5683 3183 3564 3850 9247 7136 4789 1751 6873 4821 3670 8723 1456 7622 2342 2728 2471 9646 4490 1617 4916 592 8803 4141 6834 3377 1463 7196 8522 5525 4531 557 5061 8095 4407 4308 1584 9196 2412 8457 370 6082 3532 1826 56 2226 907 8879 8224 5397 496 3141 2341 9299 3634 5527 9028 5097 2724 7550 6975 3607 8107 2036 8055 8866 2696 9639 8062 5108 4448 4784 7542 4333 2963 7598 6559 3870 6477 4784 5619 6973 
7925 4312 2624 7911 9839 1652 9361 8915 9202 6336 2523 3661 8372 578 2527 1068 6569 6942 6177 1017 8078 71 5350 1041 7670 8262 1263 499 3046 6882 7473 7323 1194 6449 5234 7386 8102 4595 6301 3656 931 5176 7318 5655 2106 6197 6724 8675 9491 9253 9693 7570 9324 1395 4963 3346 9657 6227 3846 9055 3109 7671 6378 656 4120 7965 8042 8574 2560 695 2231 9844 5872 5901 5499 7978 2098 8575 6654 7942 4180 2699 5512 9857 446 475 9555 6456 3054 3401 5511 2516 7424 8242 3172 7897 6207 7566 6471 5119 
8261 5054 1315 4133 955 3167 8464 9406 1742 5118 7348 2275 4169 9212 2132 967 6039 8039 7423 9094 1441 2935 1610 5217 1177 1134 9466 3736 8700 2290 8855 3313 7344 171 3799 8300 3338 2263 4058 1432 3733 1406 59 7902 618 8543 5221 3009 6583 2645 2103 4376 1932 65 9593 3109 7551 5412 3197 2603 7702 2052 5917 5046 8575 9716 9698 1913 1979 3756 9698 2064 1514 9757 6318 8484 8301 1539 1494 4884 4184 9949 9260 6116 15 5205 5577 3918 617 8774 6522 8319 7179 2439 9718 5754 8507 9416 4020 6838 
9525 3718 8902 7391 9827 5220 2228 8128 6759 3722 9364 7296 23 4976 9764 6390 182 5342 309 799 468 6831 5471 7647 5622 5189 9754 4129 957 3774 7319 6834 3844 6221 4226 3671 1441 2806 8152 4552 2880 7516 1848 2903 2493 1613 9294 2675 3307 5955 9826 127 9138 1649 4127 4760 6838 3881 5241 4148 4007 2560 982 7851 8781 1560 1522 6574 4366 6026 1126 7246 3543 2975 6502 2388 940 5796 1415 4247 8103 7593 4374 7241 9243 8501 8353 6081 8734 3594 6581 2741 2506 7564 592 1287 5476 8467 4213 9843 
4493 5339 3441 4388 4666 9943 6776 5606 2091 4543 6205 194 2137 580 7435 1380 5433 5788 3813 4168 5734 395 3261 8240 4311 3854 5879 9787 8673 92 9630 9518 1784 3072 259 2802 9367 3387 8409 1459 7931 966 1653 68 7898 5441 7800 3332 7581 7965 3852 3316 8360 7113 7908 9023 7319 140 8811 2344 232 4793 1863 8368 4217 2122 1171 3585 5509 5932 5044 9792 6898 6697 9860 4797 8490 4012 4481 6072 1978 4685 5740 6690 8150 3648 5714 5470 3788 4525 4166 373 9318 6029 5093 9888 4503 2616 3473 6365 
8548 8517 6157 1799 1566 2370 6596 57 6382 7429 2481 4712 2114 8221 1403 264 8221 7117 2086 8362 7994 6253 5087 3664 8634 6532 3552 3138 9149 7025 9503 7697 1894 2012 5848 9813 4382 8796 6222 765 6225 8703 1829 4691 3276 3232 1308 7849 6701 9746 2563 4695 5999 4002 4712 986 535 4616 476 9684 1642 6331 3733 9888 8343 9582 6053 2726 8378 2275 9843 956 7330 1672 5647 6958 4905 6955 1160 7958 3054 3723 9006 9053 4078 3718 6391 4613 8334 6867 649 6328 3198 734 2569 1542 316 8622 620 5047 
7250 463 6003 932 8487 8002 7891 9744 1310 5403 7703 4364 5478 6709 9769 9556 6779 6161 521 1465 3028 1170 7794 2579 1905 6715 473 8573 1689 1093 3620 8939 7908 5975 9872 6395 3978 4115 6140 5288 9518 195 9652 4996 3256 9421 4553 35 1934 5074 7852 4963 2597 1998 3894 4502 8713 4367 3075 403 5460 3048 9342 9720 9023 5566 6115 3001 9681 8607 4641 9199 5154 4293 548 8410 67 5101 4797 2001 6527 9002 3316 9124 1000 7210 3626 9714 1577 3054 6469 3389 2454 2163 3109 7829 7730 5577 831 3763 
536 1824 9315 5691 6118 9863 453 2537 4964 1603 4538 1491 605 4207 6968 1605 1417 6946 1319 9347 6352 7788 2736 8806 6304 2198 6636 4034 7775 3819 7797 8311 5643 7112 4002 8113 6975 808 650 8291 2411 1541 6135 3016 5748 3103 4621 3517 49 2293 2864 6402 6433 1953 1560 2737 4151 8196 3123 1926 8367 7273 237 363 4385 592 8476 7713 7752 5479 2356 163 3372 8491 9531 5472 1594 504 5341 7996 2797 8206 750 5583 159 2310 4672 4310 6859 7796 2588 5226 5069 9177 1941 5806 6121 418 9871 3873 
2249 2228 4036 1973 7071 3567 7445 5018 424 2786 3014 3221 7344 3764 5156 7503 2426 9829 8165 9285 3977 7105 864 5398 6283 2805 7556 2404 9575 7428 2630 8176 6008 3018 149 3079 2938 7594 8097 3362 6733 1111 6583 4077 1227 8092 7933  6 4273 2450 5643 8250 9556 2859  0 2191 2017 7556 947 1592 4984 3577 6121 7344 6596 6270 424 9534 217 8521 9248 6950 5985 5831 7379 3564 275 1664 3570 4548 4115 5566 9150 23 8425 9150 8566 442 6707 9513 8387 8043 9443 4508 5388 6039 778 5812 1925 7347 
685 1173 4297 3022 3356 8029 6587 9984 9693 6509 4532 3808 2075 3683 183 501 2833 8749 943 5892 8263 9330 3936 4058 190 5676 6449 969 7840 8374 8316 8525 5899 8966 1548 5607 6995 4487 5591 3040 996 6476 3201 3072 159 3384 3573 9344 2134 868 5237 6749 6551 5525 807 6741 1201 7256 4062 5393 1982 8731 3918 4233 7697 1818 6192 1044 6305 8136 4084 3654 4612 7285 6726 1123 7022 6651 467 5508 3871 2056 8609 422 7581 9416 3516 5134 3024 7578 527 1358 6309 798 1943 358 8968 8135 1402 1626 
6271 1839 1632 883 5476 4710 2006 8850 1361 8826 4358 1584 882 2967 8359 4816 8735 1875 6302 8111 5805 3182 5821 2115 332 7764 2473 5652 5900 228 7278 8523 8419 5262 5759 247 9972 4117 9098 7685 2943 3456 9270 178 2776 7629 1346 7863 5856 7648 5975 1661 7182 1796 128 7514 9561 8954 3167 1813 9182 6797 336 3953 2060 2447 4200 2032 6565 3298 9718 5860 3107 5340 6038 5883 2969 3736 3746 5177 1385 9721 6838 8567 7870 3319 2434 3783 2273 5601 5596 1455 8750 2284 5408 810 4732 9608 9195 7649 
9259 5265 3509 2366 605 5900 8249 9926 5988 8347 5103 7373 4421 8293 2293 2291 1612 1079 6074 237 6680 8022 1692 1782 6658 3452 8945 7742 9413 8140 5391 8672 9757 5253 7390 362 7505 5639 288 3493 3986 1743 7219 4759 6388 9512 7050 4353 591 9476 4590 3623 7498 2635 1757 4157 2439 702 1899 8204 5194 3643 3228 4951 8896 618 1665 6401 2609 8305 6246 2948 48 3465 7707 2789 9329 4758 7142 6272 4234 8084 6247 8085 7071 8005 8594 9511 5059 6845 7715 254 488 944 1557 9384 7914 3223 2137 524 
1528 4736 3472 7929 8201 1179 7070 7531 5937 564 3803 6524 8648 51 961 5720 4408 9555 1583 9467 6400 5650 6073 3241 6594 7631 8977 4509 7206 7467 5033 5086 2203 8505 9367 404 6036 6437 4287 8326 7001 8091 4850 2002 4494 2163 4074 5254 8070 5657 4721 4470 1307 795 4063 4254 8426 3041 5115 1984 508 6500 7070 2711 1357 6438 3115 7393 2875 3755 5719 6229 8198 6921 4583 2692 9084 8657 4298 7154 666 9019 7977 8325 6166 2040 8931 944 5081 4046 2928 1941 6898 9999 4652 8255 6437 4120 5649 5664 
7875 7720 8245 6073 4642 2828 5117 78 7837 9415 7233 8503 4786 1562 3181 953 3602 8464 8249 5036 8863 1178 6977 5761 7529 1630 4017 3966 2102 6018 5982 9977 90 4228 2402 4732 7056 3871 4811 1246 9638 8396 6101 4424 9958 9282 1729 9912 7747 9979 4948 2962 7509 8278 8723 5038 9908 9092 5356 8362 1462 1338 4691 1553 1918 7093 2637 5327 7316 3800 6573 6954 2196 2674 1378 8506 8309 9460 8419 2408 5791 9719 5370 3300 7997 4093 4690 4257 3186 46 2619 1000 7736 7310 2553 9655 755 1543 4982 8071 
5343 7907 5025 3892 581 2756 2398 8890 2216 7169 1298 4359 6889 6668 7659 1238 7114 8701 5496 6652 8747 8115 7652 6483 1778 206 2490 8885 8101 3824 6957 3444 1731 8334 7336 8665 1090 6087 7555 9658 9608 5206 4017 6497 1874 8028 4088 5340 6729 9584 1992 1828 4051 9645 4664 5829 6203 7154 4715 4304 7331 8024 4100 5414 6358 1437 4079 3801 3876 7987 3459 3484 3193 3829 6334 1419 8209 422 6760 1291 6358 8752 3119 409 4749 4135 2591 952 7642 3658 1608 4973 1682 5709 387 4392 3498 4467 8193 7374 
2454 8005 7210 1999 8186 3544 3418 2747 318 6530 4038 6676 5283 3510 3438 6384 7645 6029 7337 5287 6039 8945 6612 4073 4654 7000 8465 8152 7819 3011 1878 6625 7368 9089 8624 5554 8985 8394 8301 9304 4925 8692 2332 6560 2202 2122 2944 9847 8151 6633 1487 542 5579 8099 4615 6585 5099 3081 1090 9270 2444 2968 2247 6164 8409 7223 8070 7395 5618 2723 3051 6895 1415 1735 9807 3617 3858 2751 9817 8361 9385 1304 8904 1316 5755 3519 4253 7207 2952 5343 6477 1748 4664 5077 7912 9425 2300 5982 3172 4270 
8706 6223 1165 121 4311 972 91 4521 76 6260 2882 5813 3916 8138 7129 9671 8010 1382 6878 962 3078 9708 9063 4094 4785 6975 3519 3437 9310 6692 7708 4368 9267 8873 4489 9930 6198 932 4451 6274 3544 7334 2087 7460 5472 5568 3484 3482 3302 6714 797 2732 2774 6212 3178 7559 3187 6698 7349 8849 9742 5057 3217 5361 282 4059 5292 2832 1343 9743 5458 4888 3429 7545 2348 8902 9465 2184 8736 9120 8899 5885 1852 1673 2097 5031 5585 1637 8081 2934 486 4175 4343 56 9536 4625 4115 1180 7458 5458 
924 2916 6698 4353 6814 5399 9607 2631 7583 4696 1751 2834 6933 3604 4508 9031 4987 6445 7020 3068 9379 3858 3595 74 3914 3131 4699 4381 4312 8509 6192 1588 7778 2890 2293 944 8289 8253 3575 5873 9301 1679 8707 6234 1635 9567 1617 6622 6012 8637 6042 1743 2496 9637 1817 6410 9120 2869 792 9784 1378 3336 1372 5508 6226 18 2804 4516 8271 6380 6741 7572 4411 5448 158 6046 1368 1776 2668 7380 413 5062 5476 2909 1051 7293 5672 171 162 2816 9956 7893 6152 7680 9753 2378 7698 2558 3246 2321 
5290 9987 6245 9701 1788 6404 5747 3156 8180 4767 6888 4945 6181 2364 4207 7232 6010 6231 3755 2524 9047 3711 417 1551 7744 6523 281 5442 9081 3528 4116 4371 9867 361 4072 1655 6765 6171 1163 1297 7290 4404 2595 3471 3120 6802 703 9130 3033 4458 1655 8432 4522 8424 6335 2266 4947 6616 4060 380 6496 8176 4751 2716 4890 5175 4371 1655 1346 1887 9305 4988 2643 1900 8459 5763 5054 5514 1246 4439 6325 9253 9223 847 4029 5558 9465 5329 8526 9877 5709 1375 8054 461 4091 2944 1988 4814 951 9687 
3053 6608 4675 5696 4860 3135 7812 6266 8649 5410 705 1326 4663 6280 2173 5044 8190 7990 373 3069 7868 6083 4444 2274 2896 4887 1570 4884 9701 8873 4571 2755 5482 5599 4803 342 5086 8967 6609 87 4377 3666 1414 5392 9947 3587 437 4489 7930 810 7558 5798 6893 2002 8072 6141 6889 5994 1026 2943 4867 1949 2050 349 7548 3205 7044 2634 2173  5 2722 2902 23 488 8295 6322 4075 8732 812 2005 5894 8370 4155 9140 6725 8579 5281 9966 4573 2659 9261 9441 4609 1311 6142 8509 4517 3186 7496 3042 
9543 6570 5944 9567 7058 4239 5889 7485 9323 6701 5843 1570 1424 9998 710 8149 8578 2343 4467 9503 5003 3729 8944 5964 5040 1439 4473 5909 4625 8321 5303 521 4891 1248 88 8301 1839 5977 5787 7515 2679 1630 9085 4103 7980 6147 8604 2910 8490 3071 2414 3493 6800 7710 9457 8193 9149 283 454 127 8604 5758 648 9848 3358 736 8149 1549 3065 288 9064 2096 1918 4501 2551 6251 648 1155 9161 5491 579 7927 5336 3731 1990 1146 1924 7491 1429 8731 3970 6385 4489 4618 2585 4199 1706 735 5748 1124 
7375 1165 3220 9294 5666 5772 1897 2667 3279 7410 4510 210 5338 9846 3942 3680 992 2218 1171 8773 949 5142 5159 1790 6112 7744 5989 4171 4831 1738 1647 2207 2903 4867 7853 4921 6991 6102 7588 6623 3512 2098 6833 5202 8297 7127 8882 9289 9346 6406 8063 6647 7900 9574 8438 364 3670 4427 887 4854 2517 2534 3413 5420 3754 7618 6694 7097 3720 4282 3720 7232 2733 6906 2435 7382 4033 7669 6671 3379 427 1086 27 8327 660 4817 5044 683 9244 5931 5537 1762 4818 8950 3534 8572 2920 228 2021 6640 
863 5742 3872 9948 9000 2659 7330 3033 6681 353 2765 7108 1440 9144 1788 8452 3961 6832 5487 9557 9115 7376 1319 3933 6326 1206 8857 9246 1434 7231 2238 8649 9325 2463 8597 8325 5122 2279 1358 8155 2633 475 1616 425 9619 3404 5229 3580 6588 717 3138 2055 8093 809 2341 772 8367 7550 6370 9802 4781 8609 8451 4106 1072 3401 2431 2546 5680 142 7054 4665 6969 8670 5090 6589 8426 6672 6521 1366 7389 6011 3421 1834 3173 5762 2606 1540 3313 5329 7694 4446 3938 2498 8553 1362 5899 7336 260 7931 
3830 7314 8949 800 5984 4039 3741 762 7063 262 2128 4452 2626 5550 6287 5799 7664 5245 3691 977 574 1386 1776 864 3884 329 8578 6135 4017 8839 418 7848 6153 9367 8648 8490 9759 8741 9252 6822 9003 1381 7627 7981 6931 266 132 4595 5511 3824 1925 2438 1562 53 3302 1798 382 8233 7933 751 7072 4703 8599 3225 4071 3599 1715 3830 2340 968 7004 7696 8701 4631 5677 5632 4897 2162 6579 409 5986 4856 9199 3900 4909 8853 5698 1643 7086 9983 2395 4158 4686 7346 3736 8757 7298 5451 8939 5990 
2771 5944 3686 7824 575 5716 9808 1825 4230 6388 8586 216 7596 7785 468 8858 6638 6166 6853 77 6149 5600 4235 835 9299 7971 5945 6597 9775 1236 2587 8898 7180 2626 6723 4108 4694 6531 5933 8924 9271 4519 5492 3220 8656 5960 8430 1646 8478 5283 1723 4627 884 5959 1814 183 282 4111 3132 6409 5348 2071 5308 8880 4697 8383 9340 5743 4914 1625 4667 538 2496 6511 3758 1152 8823 2188 2799 7301 3823 874 8280 1059 3185 6447 7594 9820 558 726 6229 2258 2798 7889 7491 3847 6272 6831 5943 7539 
8457 6962 4429 7305 3474 8187 8458 2297 6727 7609 5951 550 4835 4231 1610 8021 678 5556 7841 7589 6283 422 6199 5433 8312 3690 5632 936 6874 1575 8475 1683 8538 9256 8988 8364 7443 3798 7013 522 7759 2964 7425 2595 7196 5387 6968 4226 943 1161 8167 7226 1583 4367 9011 6247 4409 996 7184 7635 2571 2011 9318 7461 1268 4659 5825 5063 8457 2839 5586 2569 2155 3011 1516 9351 4750 8484 9930 5693 9645 4449 9272 7580 8816 8283 3828 9578 5631 1012 7213 8203 3023 6532 2016 643 1191 4194 5707 6000 
3385 1293 8569 5540 656 85 1244 5406 4921 7526 7451 918 1975 6723 8499 792 1359 2327 6722 6990 9691 3935 1545 2714 6819 9914 9710 4362 4108 5417 6715 7493 3062 1636 9385 70 8074 629 5476 2995 4507 9279 3914 6483 6003 8765 3627 3714 1092 349 704 783 636 8602 9849 3808 8516 9559 4522 2624 1328 1237 6469 4390 9226 2206 4460 7300 9188 6288 6647 3695 5568 561 178 7923 5678 3805 1637 6770 506 2341 3905 1143 7295 107 1303 5811 6018 5825 4787 7347 3415 7608 8089 2641 9815 2550 9941 9003 
5190 6588 9050 7110 3502 9229 5033 9180 9386 6670 2303 9893 5364 6208 7388 2659 2667 8691 4823 8686 4516 9610 6033 7931 7219 474 572 7034 3024 6865 2389 4567 3454 1439 1677 3308 7020 3063 2488 6407 6085 1143 2652 7801 3704 40 6813 6371 8731 1636 5057 9599 1246 7442 7531 4817 7917 4455 1851 7293 1321 592 8212 1127 8384 6242 4435 5404 9305 3275 8163 1742 4419 815 9544 8123 855 6357 846 5938 7993 2256 5538 5591 9698 3069 409 3967 3876 8612 7613 5197 9205 2177 2676 3941 8419 7111 9345 4076 
6739 7509 5819 7510 8324 5363 1985 5532 8072 2831 1470 2417 5087 7008 8008 1138 6429 4769 1457 306 3382 5422 1855 8939 7600 4532 2880 6019 7995 8577 96 4734 6086 2267 2244 763 3982 4229 6295 2054 3413 7765 4471 4852 1126 8831 5990 7555 3601 3800 7861 3335 9222 9717 2274 6822 601 1506 2842 8596 83 9290 3331 6170 1557 1927 3285 5539 2509 9580 3945 5922 3697 8416 7126 4823 3599 9469 2379 7200 3269 6592 535 2491 2661 9161 5666 3262 667 4860 8211 751 502 1542 3273 2059 9821 6558 3950 2330 
2490 7895 4604 6187 2663 1731 7363 6262 1200 6094 9815 4469 9038 350 3312 1700 9512 5330 1314 6531 190 9525 7282 692 7419 555 9103 3593 3465 9405 5923 5955 7300 6880 8495 6315 8611 2210 2578 6163 8304 2393 6984 3694 9095 296 1746 4959 1979 9413 1491 2169 5290 5125 9214 2710 2033 4669 2655 5498 4075 8578 7806 7727 5458 6301 4043 421 4863 6621 6584 3167 5366 3568 3213 813 217 4960 2125 2196 4373 9968 717 9663 5093 6283 8725 7126 953 1380 2625 1380 9959 6783 9107 1769 9436 3150 8543 4299 
6123 1479 3818 7841 1400 7031 8655 1617 1991 7132 165 6364 7100 7234 6028 2193 3518 4753 5672 823 2486 4649 2203 8797 1432 7662 566 868 813 5461 5167 3288 6941 8985 1130 8341 6016 6137 6310 4360 3269 6475 724 6721 61 3104 8914 3579 4210 938 754 6696 5587 9309 5493 7019 6972 2411 4239 4137 4225 9406 7425 1166 4743 8555 5859 7112 1044 8521 1472 4313 4996 8548 1034 1409 1653 6301 4989 2215 7239 2095 8911 9179 1405 756 6198 4729 3167 6790 8866 7392 2548 6291 4910 7292 1199 7121 4404 2243 
5642 2228 2909 6990 776 295 8400 2429 6596 9741 4644 188 1836 9907 9367 9593 663 1917 4322 183 8707 3188 3927 7608 5832 5190 4900 7031 2311 5656 5626 7954 7884 8535 1296 8660 8831 9696 7442 1779 9437 8438 1967 7626 8346 7686 7219 5361 5956 7894 1896 1015 1082 2176 8623 6914 7366 9875 297 6029 5531 5924 335 9767 4459 1632 8428 9642 7680 2222 1422 7118 660 9741 1096 5358 3780 8315 7072 9736 6209 5320 7103 3644 7496 5727 6910 1214 1954 7208 3596 7486 9484 3931 7253 295 1915 2033 9938 9596 
4255 7712 3066 1268 3805 4162 6626 3937 8829 50 25 1391 5371 7129 5035 9219 9208 1945 6786 1162 5505 6734 8648 1341 7017 2254 1637 8933 639 7927 4881 4895 1991 7947 2515 5796 8461 5493 6086 7290 5544 6111 8681 7267 3240 3716 2838 2448 2014 5976 9963 3871 2710 4963 5213 9728 7217 3202 5013 4209 1129 9894 5456 9472 4193 7971 1620 2654 3464 7706 9944 5360 3818 8626 8979 7058 8694 8170 5859 7060 4146 5822 932 6857 7137 2497 2937 4355 5699 4302 4916 3180 4196 372 2652 4741 8343 4272 7395 8159 
1979 7339 9872 5797 2317 8851 9207 7364 7021 1418 776 1168 3592 1708 4377 730 557 3666 1437 6256 7968 6353 5788 8516 3077 8440 3257 1420 9065 652 5931 1044 4343 5803 3193 3013 4655 8752 6729 1676 6523 7505 9196 6467 5566 9925 7197 6123 9943 4986 8732 7911 7691 4520 2779 768 9313 6036 8540 8378 3040 4472 9422 7384 275 8967 6749 4930 7719 3478 2959 594 983 8507 7062 2901 4785 611 9025 4728 1950 7757 8992 9641 8629 1771 6762 7942 4160 1654 6320 7200 6126 5742 936 6402 1061 4037 7684 5133 
7515 6995 5727 4851 1855 2789 7752 2992 9753 3129 4072 1703 886 3064 7696 5868 1188 4458 3810 1700 6113 131 8900 8591 2225 6189 1345 3287 226 9030 4772 4094 2377 499 5297 584 9641 9401 3576 9394 2531 7649 7449 9769 7065 5145 5637 8253 9604 9448 6305 2069 5931 5206 660 4508 7747 2006 7795 4325 7388 8919 8419 6117 9419 68 6702 5412 9470 6630 1158 2001 4279 8607 1770 1345 3752 3760 5950 9708 9560 2256 1777 5491 3814 8790 9999 7913 7148 4147 2238 4536 3066 7010 7005 8837 7078 3707 601 6548 
338 1759 4901 969 366 3024 8666 471 6784 4617 179 2696 3225 8309 8187 3391 7099 4538 1304 599 5037 9894 5135 4456 6904 2140 3293 3983 2200 3895 6883 8890 2006 1785 9859 2373 1161 8526 2844 7945 9495 9375 641 2720 7684 5180 2463 1135 6070 3767 1734 1108 3661 6869 5564 6918 5362 5209 7253 3914 5456 4136 2804 7463 2273 9015 9836 3434 7541 9032 7731 7036 8407 8372 6108 6092 9904 8571 7227 5975 8690 5314 3435 8704 8535 5351 5622 3897 560 2875 4163 6017 3363 3319 3480 5637 2335 9668 9071 9876 
5052 6803 6913 9811 1527 9373 2255 1432 7945 5835 3759 6635 1149 3546 1691 9684 8897 7313 9934 9457 6540 4097 1826 9904 7417 1658 5541 9752 7678 4612 5980 2730 7767 2893 2542 9295 8619 1149 7079 6564 6984 7190 9551 8133 736 1243 7818 9633 4908 7752 5442 7801 1849 7269 7705 5618 5279 3246 5370 2958 4210 1351 2040 8330 596 934 7625 9215 2084 1056 2131 9068 8246 8035 7202 5334 5630 1372 4967 6890 9124 6761 4691 7325 382 2396 2944 5662 1994 4666 4972 2557 6017 7012 887 2966 4299 4864 8533 2735 
2272 7017 1803 518 5052 5357 5852 7034 6729 7171 3924 2205 3932 8616 9531 667 1012 2475 6329 9359 7141 7653 1916 9511 4665 9155 8829 5316 371 3714 8051 2643 731 6207 9513 2135 1564 1717 9169 4646 5240 3094 6851 9172 8062 6382 6191 5426 5209 2520 4785 2351 173 3053 8214 1191 8560 3395 2859 8931 7109 911 7926 7841 3470 7439 9976 5034 5508 5498 6032 748 4944 2884 6273 3006 5618 2464 8432 828 1337 3218 9531 7862 2623 4097 5405 1184 7492 8265 6467 4601 5528 4394 8794 8998 8185 5123 384 3694 
621 6417 4442 5565 9301 715 4923 1271 3180 3355 2099 4517 2925 7982 2379 5549 2079 7785 3085 9571 2402 9552 525 7930 298 9319 6928 8484 4442 7312 2178 5063 81 2972 6980 5734 3688 1903 7006 3220 1611 5457 4089 4536 3440 6468 6437 1871 605 9522 7795 9359 5427 8320 7289 5725 7639 569 4209 8434 4234 2739 9849 4315 2064 6830 50 2104 5085 7056 5324 6696 8865 9413 1233 8657 2233 7670 529 9191 3545 8324 8550 8972 2996 5840 4697 6987 2761 5259 5421 6995 4350 5271 1311 6414 8453 7713 8518 9890 
1121 194 6587 9986 9607 4172 8644 8193 8194 9173 7384 1739 3849 2286 7063 6845 4478 1761 3832 7240 3372 5606 4235 7722 7229 1898 489 2034 9611 5359 1924 7084 5554 4863 7071 1513 5387 5715 6058 3582 1240 3442 1673 1441 2081 5089 8286 6559 6850 8470 3799 6574 428 4387 648 7657 6285 1137 9691 2249 2849 7968 9333 8403 2831 2756 6268 4571 4823 2327 4505 6063 2121 6178 7504 4202 1267 2142 762 4469 6965 913 7395 7393 5300 8044 1403 7938 9181 7446 6539 2030 5414 2224 6785 4598 4981 3054 9169 9804 
5381 3674 2220 3854 6204 6076 8057 3824 4571 5171 4645 1536 6084 2041 5281 7737 85 3036 2027 5618 483 8566 4001 2249 7142 786 6847 8475 192 2368 8280 1925 2394 6852 5780 4951 9280 3837 5127 3851 5360 9772 1739 1444 8165 7021 5533 4602 57 7560 221 6892 2478 4222 9142 9621 1360 2341 8096 7905 4710 2728 9830 3456 9580 5610 4759 5213 5799 9886 9064 1159 6011 804 8956 4176 4177 4489 8779 4234 2050 5352 1127 4528 5926 6621 501 3638 8962 8598 1543 24 7678 1374 9833 3611 3336 4592 8824 5488 
4479 7888 6647 6842 5044 1955 7370 9221 6445 2501 9808 4847 7853 935 5727 131 3908 2581 3770 2870 7531 1665 9247 5209 9391 9080 8820 2728 3672 3996 8216 4503 1885 1215 1345 6929 9523 8716 2503 2320 7569 2311 3519 5423 9598 5598 1906 3506 8179 2028 6376 5710 3694 5623 920 3085 4703 6092 2165 4728 89 6733 9231 8326 4301 6929 1607 3824 1997 4110 6144 9566 6421 9663 1341 6019 5261 3248 9525 3441 5276 2254 5503 8970 4229 2775 8408 5285 8868 573 13 5309 7307 5596 3635 1608 2525 5242 1784 874 
9353 7928 6793 5774 3943 8134 8146 5556 7734 7671 5349 3011 9925 853 8333 4155 3628 3093 9440 8848 3667 5805 4157 7326 1401 7792 5286 279 9387 7070 7505 8740 1350 4298 866 5293 2433 9012 7201 167 6684 2551 9530 2961 3404 4216 3468 7032 7309 9260 2233 7328 5065 6390 4654 2819 535 6292 3098 9922 9714 603 8662 1064 1254 5880 2709 3687 1245 9911 206 4281 2462 6089 7242 2218 305 7063 5602 3966 6323 7835 1295 1389 4226 2301 4208 4761 8594 3658 1035 4660 613 9697 5725 1867 1929 4786 1906 3174 
1049 8465 7455 9863 4554 1050 8433 1211 8113 4036 5177 4436 1871 6472 2177 2449 5126 2737 3562 3720 6395 4597 4732 3361 646 457 5228 2576 1596 3487 2102 8997 1952 9558 5213 2858 6960 3646 4069 5073 7682 5598 5861 5906 8423 8039 4707 3549 776 8270 3621 7172 9219 8353 6885 9866 5163 2113 8794 6759 5600 896 2108 3904 6806 7321 6762 3766 7320 7183 8839 1354 2782 4701 7260 1205 9092 8320 4754 9868 6590 8375 3392 5809 3080 277 2027 8243 8743 821 1354 695 1718 3463 4600 8524 7136 7714 8643 4456 
4898 3834 5811 7680 4887 9423 5237 3979 7743 9991 3848 685 4718 3592 2847 7798 222 4874 6042 8965 5696 7396 9660 3766 7211 612 8642 700 8327 7285 5156 3225 1120 7319 7257 6007 6743 2494 9987 838 8837 187 1524 3555 131 4371 7705 353 5597 99 5670 1293 3848 5331 5059 1059 5943 3702 1759 622 987 3268 3847 8459 6939 7456 819 3682 9950 806 873 8787 7345 8749 8694 3828 9472 6400 4182 5069 2851 6204 6363 6699 1535 7774 4111 3831 1476 5870 805 8816 5490 4653 3627 2430 2109 4446 2464 8412 
1604 3337 3551 5301 8438 2246 9130 7910 4998 9664 2980 7849 5868 5695 4549 3756 3469 5012 3939 1298 7234 4744 6466 2725 5749 93 1507 7859 892 3971 2623 2496 3661 6174 7798 2099 8420 3280 6362 9770 2944 9342 7620 5164 1389 8521 8920 1210 3533 2859 2508 767 3956 5326 9844 9705 1772 1351 3916 2664 1675 6539 5160 5336 2714 9310 3787 7486 2590 149 7257 5534 5843 1229 699 7232 6102 5971 8443 5987 8831 7303 3106 9139 2630 2951 8844 4402 654 2761 7066 2329 9300 8578 7665 8366 7889 7805 5853 479 
7954 3110 2366 3798 691 3065 7382 6793 5388 2177 2780 4219 9481 5886 3358 8463 5189 8555 9217 5844 1316 2635 8173 6968 7565 2191 5335 5454 9996 1188 2286 7950 650 4652 8100 7693 4069 1835 4486 9457 4012 3618 29 9845 5856 9739 4660 1046 8294 3877 6890 5962 2864 1415 2931 430 3606 8266 2236 9954 5806 4522 7905 6456 5526 2357 4149 9595 4192 4987 5405 8205 4957 5434 4402 813 1525 9063 1859 9820 2940 5101 2134 2157 2869 5065 2587 2827 3331 1175 2782 9137 5698 7039 1945 7576 9396 2446 3524 9941 
3785 8929 8146 8742 715 2548 9556 2240 1611 7767 8412 904 9221 547 9413 2090 5612 8352 1269 5296 9527 4051 785 1577 1090 9083 9154 6839 7881 2678 6780 1667 7959 1278 409 8674 3826 6317 914 1790 437 9327 9046 9658 6226 8459 8100 1838 3163 9369 3486 2690 9773 4272 620 863 3355 9774 4054 1236 8804 834 9255 6763 2112 6017 5437 2291 2334 2703 433 9123 8382 9479 8781 4608 4290 3233 6447 7453 8955 9933 6495 8728 557 7115 5943 264 3241 9998 1501 2045 832 7108 5160 9297 3125 597 1588 1812 
9653 2021 935 8035 7852 6069 2644 8494 9302 5443 2299 4609 1728 8794 9689 2286 2262 5633 2550 5503 1983 403 3901 2815 7512 5413 8464 637 2363 52 2449 2016 2073 9737 51 6277 5806 2695 4771 1460 8138 7070 6070 9867 2217 5759 8505 4479 7744 7407 6334 9727 7811 6587 8895 1675 2001 7359 8664 4364 3764 7466 6380 2189 7203 2783 8467 3009 5479 3238 821 9969 6661 3243 6188 8878 5355 4693 9709 3099 2101 6043 9179 6264 8983 4426 7939 984 1785 2955 1700 1901 421 8080 4091 7624 863 2558 6985 2694 
2148 4159 2664 8809 7402 5204 7687 2757 9898 3748 2209 8351 6144 7740 967 5127 2166 5258 6111 303 8213 4163 2205 8635 2243 6296 2611 9458 5206 5949 8505 7354 108 1169 6164 7510 2725 203 6620 8975 304 8829 3678 6448 6569 4645 1575 5087 6255 4038 5390 4469 8201 3947 9456 6796 243 8419 6254 1801 4368 4759 9156 828 2280 1672 8339 5006 8227 4959 3981 8531 140 7660 4979 3061 8657 6554 4500 4913 592 9890 5734 5145 3838 1542 1941 433 6313 8196 2235 682 9307 7743 1510 7940 9415 6201 9298 3994 
7512 3279 2526 7652 7291 7505 7065 2301 412 1565 7214 7356 7808 9300 2502 7998 842 4443 4783 7155 8991 3370 4189 8299 1113 2052 2591 6880 8253 1889 875 5766 5168 9753 9770 8812 7258 3188 1113 4022 1105 4679 1379 8913 3979 3881 6911 1173 4676 1695 4680 3668 1417 8870 1967 2531 7274 910 5763 5527 2799 2990 7645 4319 2743 3768 3131 6354 3308 596 376 4413 5275 8107 3327 5606 1988 6590 3131 6665 4637 7812 333 6055 3034 8652 4938 6660 9562 701 8539 2361 3692 6185 3032 2787 6305 6164 9141 9613 
3112 5870 4026 4740 3977 3705 6698 2318 296 9830 8983 1285 3994 5668 7340 3380 672 2278 40 6586 9332 8579 5299 9376 1116 8331 2163 7421 847 7657 3386 3960 3527 3765 8700 7504 7470 5398 9822 4118 1580 5157 5404 5574 7177 9096 8954 7849 1375 8994 787 7059 3926 6086 6435 5042 770 4950 2464 1617 2607 2202 1929 6134 5967 629 9991 9790 2380 6165 260 3960 7675 5664 5887 4852 1113 1193 9054 8840 6540 9841 5899 466 2280 2334 5508 3050 3636 7972 1019 6244 6527 2949 8730 2494 9930 8721 2284 8662 
1239 2545 8975 8914 4561 1214 3766 5674 2407 2820 866 8947 9014 6765 9413 1294 5451 4922 696 9088 9246 8067 5332 5773 7368 4062 4620 7299 9136 3256 2313 6727 2153 7640 5641 6715 8854 9407 8741 1262 8580 9608 6561 7594 2725 5975 5240 8177 7249 2288 3617 2847 355 8949 4973 7724 9363 9593 1375 4851 2849 40 1578 5003 7681 7219 8070 6535 2979 3163 4149 7911 9123 711 1857 1849 3038 7097 6378 6639 5737 9995 9486 6092 5296 4459 168 1011 4052 7895 2215 3254 7936 145 4609 1969 7365 2679 8504 6696 
2194 9006 959 1318 9717 2816 9519 9107 6265 2249 5746 2002 8596 5232 4446 3892 6044 967 1255 6448 8862 3470 9702 3150 9968 4311 5119 3685 3342 9976 381 5537 8982 1340 3207 5051 508 2726 510 6773 4975 6256 5127 9923 7840 9573 3815 3884 540 1422 333 5755 1245 35 8905 1213 699 377 4898 4041 353 1631 9578 5687 9323 2785 7090 9831 1863 7600 2956 3190 3856 8083 3113 1696 7656 3280 5581 4549 4703 2266 304 2300 2301 5561 9865 9352 5938 4763 3394 6291 6394 9324 8330 2069 8462 5420 1900 325 
3020 4856 9868 6876 9291 2981 4925 6947 2614 6858 7848 3669 9124 4504 5969 7777 66 5834 7130 6004 6949 524 8648 9695 6200 6978 1764 4662 8751 16 1340 1771 1224 1208 8648 515 541 9925 3814 3155 6783 1663 6824 5907 6167 9145 36 2585 1331 7166 4942 4632 4042 9942 4327 243 3272 2443 4905 2023 2459 6245 3795 3683 3805 8795 550 4347 8720 4365 3854 1855 6028 7031 7762 8547 6176 4150 7485 3860 1317 2427 8492 5359 2369 9172 5602 1993 1615 6860 4017 427 9457 7812 462 3263 2959 1013 7610 8031 
5378 1464 9886 7758 8495 4000 2657 1024 8150 142 1236 9467 8921 6080 1179 7642 5252 3133 9636 3220 9993 3653 9999 9451 7817 6813 9066 7128 7826 6676 5159 9556 4492 5045 3666 9340 5397 6324 6716 3547 2818 7952 9367 1740 4032 546 9382 5637 3679 5370 5209 25 5375 5208 5828 3192 8373 4894 6672 6200 7922 1831 2108 2414 3228 5775 8106 8625 8451 4822 2173 1269 2774 1540 9361 3159 8438 8744 8796 2117 466 357 8494 5842 1917 4322 5386 290 9216 2059 2842 3490 3890 4951 5905 3471 7078 363 2096 5529 
5186 4269 3150 4312 2161 2512 7471 599 7608 2619 9069 8074 2976 7563 268 1245 1886 5655 1536 7454 4066 4378 945 4308 9329 3202 7779 2759 3565 9876 8288 8751 497 1439 9416 2659 303 6887 3258 7911 5859 2327 5985 5187 9891 2606 6433 8129 8261 7969 5583 2327 8699 2880 2987 4381 6082 767 7140 6000 643 1781 1103 1140 9572 519 3799 9875 3759 3410 7786 9618 2089 123 1157 8332 2729 7590 6461 7342 1911 8397 6021 611 7629 9009 1344 3712 9776 8484 9712 6771 265 815 7911 9837 7687 8063 9712 1446 
7825 3850 7416 9914 3974 8573 8247 3055 6164 1060 398 4427 5809 6419 1390 3439 5428 2734 3503 1556 1219 3215 8327 7836 382 6239 7674 4421 654 3738 5867 8479 7589 3283 8393 7915 1857 2992 7322 4373 4053 7720 5152 9862 492 6543 3301 2272 9277 6804 3829 6848 6371 2156 4685 3106 4747 8711 7527 5401 8801 9747 232 2742 3030 8626 657 1239 1618 7980 1964 2023 2052 7117 1886 2544 12 1539 4817 9289 4696 8646 2490 7419 7154 3527 525 1902 2238 4405 3655 1039 4152 3888 134 3534 2514 7143 1126 484 
5123 3090 8860 3528 6559 7098 2424 6571 8637 7241 2213 9685 2239 4703 7105 5746 8230 3982 7648 6820 8387 1303 4211 8891 5191 4345 8778 4057 1489 6256 894 2964 5698 9754 6492 2258 6852 8917 5181 1841 2510 7394 1527 1102 2097 4984 6848 6679 8966 848 3499 3706 2151 7711 2597 3695 8408 7727 7752 9897 3983 4998 9214 9682 1104 5706 8292 7956 975 3473 6150 9838 7220 4029 7292 5669 9013 492 2349 7979 1340 2200 8037 9843 6263 6987 3538 4672 4714 7643 921 5050 8993 135 1084 98 2194 5728 4406 3169 
9201 556 9359 2773 937 6651 8443 6302 3495 7144 634 4835 9344 8671 1031 5608 5658 921 6632 6725 4916 7553 1775 3910 7689 9211 4008 9883 4939 4766 9404 492 5323 8764 3266 2612 1767 8061 8915 1615 5205 9549 6450 4549 8220 3833 6509 3879 4755 3141 604 9671 695 8731 3581 8384 7942 3941 4619 9233 8708 4023 9725 383 9139 9343 2995 7259 7404 8262 8874 2609 7811 1676 7159 2384 5510 3668 2615 265 6810 9571 6288 3857 8302 9870 8593 2596 163 3212 1829 8871 7235 7906 5606 2727 7250 4954 9986 4654 
3216 5212 7264 7380 3240 775 9764 8750 795 8731 5367 3957 8302 1656 7814 2956 7878 6407 5552 8041 9619 3733 3265 3207 1639 5223 2286 8889 177 8624 9896 9746 3836 7160 7126 7076 4287 3242 2179 5082 1973 7546 9040 6627 5554 6854 9583 3432 9614 5135 7826 9233 8868 7443 8792 6859 2666 1078 2101 2844 9702 1997 2590 9890 5509 6068 6967 9796 5662 9146 4878 7635 3044 270 4262 8599 7125 197 8383 6739 5332 2561 2324 552  4 7469 3763 2671 8547 5864 1867 4602 7861 809 4492 3370 3229 1459 3166 8891 
6957 4397 2878 6354 4667 7140 1305 1792 7337 9688 4883 9021 2250 3560 5925 8606 1029 9688 1277 5928 5553 9496 530 3414 6657 1375 6785 9886 9186 6303 8777 2496 700 1655 8850 5368 5147 155 3512 8836 6195 4748 4209 8445 8308 134 7052 5689 6175 4681 7969 1728 530 4852 1494 3539 6227 4631 3426 5413 935 8555 7909 1635 6563 3111 3355 8062 3266 6868 3251 9462 1616 7460 4259 6276 3947 7663 8317 122 8697 6286 1850 5579 7490 9696 9118 3717 4328 2544 5483 5263 7452 9744 3250 4015 2856 6606 8429 6122 
9826 1680 1936 7794 9141 6196 4070 3088 211 8739 9562 8908 1377 7764 4487 8868 7460 3606 8937 1788 2502 4420 3403 9954 4165 3006 321 7021 5964 5103 9495 5790 6783 1432 3584 2276 3980 4006 1716 4191 2745 1278 3100 474 9042 3939 9342 6503 7545 8280 4643 6400 9052 4399 2706 9569 7405 9380 6590 3369 4483 6086 5511 1266 3870 9095 9895 7850 9453 1611 2041 8550 2890 1493 9024 8284 5433 8367 4787 9330 2999 5783 2082 8403 182 4789 7973 3939 4169 4563 7308 5004 7001 2819 2622 7223 8266 2517 5073 4071 
4129 3467 2621 7019 4960 1645 5303 6745 6364 6443 6076 5715 8578 8158 4119 5112 9299 2092 9051 3468 3007 2711 8472 6361 1882 7447 3584 148 9964 5010 571 4093 8477 3192 7464 9789 1189 2768 6535 7554 5563 8963 3269 493 7121 3740 5605 6421 5832 1008 6241 5192 3719 1066 1553 5601 8513 1489 2101 8477 2851 2672 2571 1328 2216 35 7470 3405 9155 4005 959 1070 2968 581 7915 6441 673 3520 2862 6506 4528 5456 8050 4599 6522 5955 6552 1387 7444 8653 9864 296 7677 8787 7976 9893 5175 5446 9651 682 
5803 610 8105 5123 7543 6020 1565 8217 9541 779 1075 421 6235 5477 5021 9109 1432 1573 496 5228 6579 361 1876 608 5500 6205 6854 675 1651 6505 7710 3807 3467 5815 8930 1011 1835 495 5580 7728 1275 6655 8150 3862 2132 9523 2972 9916 7448 3468 5144 379 181 7021 988 5682 3226 7842 2709 1229 4347 419 1388 7814 6234 319 5177 4422 7166 757 2150 4793 7412 6652 8656 5896 2527 1628 5812 9976 1448 7309 6707 1630 4330 7695 3664 3908 5537 6373 1489 6236 6793 9230 403 9379 9549 5580 153 3067 
6338 8656 4213 102 1660 2869 2351 4188 849 8163 516 2297 1824 7223 279 2506 1271 3943 2766 3160 317 4256 9397 3462 3486 9800 9193 9387 1732 5699 8806 4422 4355 3019 4525 6015 2240 3228 6555 3089 7743 3423 1739 9568 647 8370 2074 8270 2314 4841 1430 8983 5449 827 8797 5287 6979 7990 1026 8712 3689 9832 9486 4396 9204 4011 6764 1444 3591 3319 886 1335 6743 2625 903 3742 7347 2977 2012 9661 4170 3442 4996 9619 622 3793 4906 7601 8136 5932 2665 8177 2117 2152 2574 1321 2515 9338 2765 6107 
9009  3 7442 5752 8980 4697 9494 6328 4026 7858 5989 8197 7653 7338 7816 8275 1131 9075 2228 9267 5007 1246 3797 3476 9750 6371 4797 2265 2061 3915 4724 1070 3918 8518 6823 2899 3215 2669 5579 3594 6880 1568 1791 4533 8906 5959 2808 6390 5034 1388 2009 6394 2634 5806 9870 2384 2177 1020 1002 4238 1287 5726 1661 1557 597 8484 808 164 7505 6387 3758 4385 4308 1901 5270 3214 7861 8078 5956 9247 9467 7966 5641 8453 3772 1864 838 2302 9236 1840 6540 523 3918 4553 8432 4515 3037 9241 1032 6895 
5628 4790 7632 9936 6692 2903 9503 905 981 5459 152 6800 3425 2146 5254 3550 4010 2444 5852 3246 4284 8744 121 4554 3298 8553 9070 6335 4146 6454 9582 9775 7596 7215 9711 4288 118 5566 1545 7451 1026 1698 604 803 3844 2210 4353 4206 4654 205 3804 8938 8950 277 3492 2248 8830 8914 4935 2977 5368 870 9104 2965 8085 5167 3605 4555 734 1503 8358 8112 3201 8962 8915 3397 7524 9621 3955 2178 6178 7759 7468 1480 8036 961 80 3218 6227 1368 2547 7948 2238 1651 7265 6675 6819 7222 7582 3905 
8725 5940 2017 8278 1255 7284 1675 8779 3257 5630 958 9436 9741 4778 7268 7777 5739 7349 7348 8319 8717 9895 6267 7307 7899 9884 3982 4718 7106 1564 4975 5832 3856 6992 4110 5111 628 2138 243 3886 4120 7553 9674 3862 2331 6942 7991 4423 643 1691 2742 9360 1587 5361 6667 5838 5245 7001 556 2351 8565 1883 4535 2422 8875 4998 3885 5855 7136 4128 6093 7608 8033 5767 7822 365 9062 2166 4788 9705 3857 3882 5418 1796 5595 8437 7634 840 5439 4542 9543 356 6425 431 9130 1652 5429 3016 7508 8917 
3496 3601 6525 7882 5721 4348 8247 4783 6514 9387 840 6723 9621 2610 8520 5216 1048 6154 2408 2839 7049 8303 9547 3474 8734 5030 5127 515 4398 8987 9432 7894 8940 5958 2128 4661 6658 375 5796 9524 6114 2989 6247 5735 5599 1119 951 2999 7274 9711 2190 675 8015 1738 4149 3101 3120 5628 3617 7518 4615 3049 1764 3556 5359 3893 4569 8369 4268 366 7893 6735 3355 493 2470 5306 1612 9774 8306 5238 5837 496 5913 3852 8586 6415 6954 1706 2043 6923 5576 3011 9972 7341 2919 1684 1234 7488 6405 1854 
4206 4299 8589 3913 4792 7412 9220 2756 3538 7526 7995 9375 4374 3908 9580 9313 323 2886 7371 8719 9809 2948 1730 6133 289 1001 4169 7875 8489 575 6081 9048 1226 1023 2961 2370 8435 2181 5126 8325 6059 3121 4052 6786 3382 3632 6099 57 2870 9822 5128 2679 2770 6858 5165 9411 4211 9334 7286 2701 9909 3368 8101 1135 4391 1062 9857 9178 9596 4984 3855 2007 4457 7907 8793 4191 7892 4892 4249 762 1067 9377 3442 3837 2588 4959 3249 6799 4293 6887 5852 555 6607 3953 8042 7350 1368 7900 2880 964 
2884 6735 2971 7341 4643 8117 1533 8887 9361 2134 9649 428 7863 9443 4266 6803 4402 3867 3603 8696 7106 5807 5603 3714 6113 3645 7416 7481 1545 297 4797 781 3384 4120 4475 4379 2237 2360 3266 1599 846 2916 2027 8709 2359 2645 5513 3114 2864 5468 8162 9971 7627 3765 37 3740 3762 7453 1221 1660 4102 2370 2441 7487 6491 3268 1866 5080 1980 5133 3031 2826 4401 1411 7888 6760 4056 9753 6226 6921 5221 4388 3244 2848 8153 3281 6589 1916 7086 4162 3576 1189 2885 2369 8676 5728 5638 6894 808 3970 
2027 3840 6797 6428 1603 4685 9541 5659 4438 5767 8932 6011 156 8528 5211 4661 1809 8152 2929 5248 8667 2857 6437 1552 5227 1465 7280 7217 8359 4440 1187 387 4632 4336 3167 6235 5373 9060 8247 9811 1180 3531 2174 7688 2060 7386 2349 221 5538 5279 5469 4205 8136 1906 2109 9715 3371 5741 3284 1731 182 4472 8470 4814 8808 7989 7402 4182 7050 5649 345 8230 9180 8872 5918 7592 6258 4619 7814 8148 6250 3283 8706 739 5190 815 6806 4913 6557 91 2996 3091 4563 7818 7905 9723 5808 1659 257 9210 
7308 6955 3792 2841 5827 6062 433 8437 681 8247 6585 3284 7883 5291 375 3073 2459 7181 4338 9016 7272 7335 2107 8187 1505 6364 7911 7313 8024 4520 2875 1684 1475 6667 877 3654 2729 7663 2091 9763 5910 8677 9399 145 320 9774 9570 2779 6955 3909 8147 4228 7596 6606 2415 9101 2971 6678 2767 7347 1199 5642 5383 9026 2310 6261 2681 1391 3924 4772 7506 6186 9801 6905 6332 6474 3031 5902 9253 9987 6163 3753 567 3759 359 9334 9213 3330 6013 1980 7029 3564 7622 2413 2590 6284 5026 1623 7676 5302 
2748 1534 7840 2549 8440 4172 9023 1471 6427 4629 7810 2590 8382 8377 2702 8741 4064 1915 8424 77 3895 5453 9993 7869 4218 2583 4154 5596 559 8182 898 3307 9716 8739 2208 4508 9263 7584 2332 5690 2213 6494 4633 6947 1224 7335 2040 5288 5602 6816 5365 5849 8622 5358 3718 2840 4293 4224 8437 1204 2406 5687 4511 8475 4426 3072 9335 42 656 8019 5732 9221 4514 6717 6168 5738 404 4560 1026 6006 1377 2743 1855 9999 4453 1926 9191 5098 6150 3980 6303 4909 9668 7166 3384 446 238 9071 488 894 
7091 2573 115 1605 9290 2635 3695 9695 7196 1073 2053 4925 3816 3909 4924 8269 5835 467 3367 8337 4448 6022 3246 4116 3189 2982 914 3427 2054 7755 674 5497 328 789 7102 5970 9777 7149 5665 3325 8222 4071 8250 2038 7980 9526 6659 167 9993 6378 8504 4441 2401 1751 4909 1942 1085 2176 1721 3139 9931 2395 8636 259 9537 2090 6229 9314 5591 8247 2639 3813 2318 7241 2203 6650 3119 8862 3169 3112 1593 1673 3906 346 9776 5167 2288 862 7343 4009 353 3626 2757 5342 237 2294 7432 2819 1608 3024 
7418 599 3189 9736 4192 5393 2738 7311 607 5907 423 2200 3932 681 8898 61 2201 7538 923 5896 7900 7628 9523 657 2970 9760 2951 403 2579 911 9779 9997 1510 2968 6085 5702 4713 5175 9365 5321 7434 6140 3873 1367 6822 9124 1428 5375 6662 8703 1271 4562 6331 7146 5219 5654 6907 4522 6057 5838 5433 2188 2188 3295 1508 4625 5349 6222 6153 4714 7895 3587 7207 8120 1306 4029 7244 9086 5756 3907 7789 7027 4821 473 4174 6393 6127 7433 915 8536 9623 2701 7076 8163 2348 8584 2789 4050 1158 8942 
8764 5405 8881 2323 3526 188 6352 7122 9274 2108 1029 3416 5488 2203 241 9662 8596 6368 3447 5863 1256 3070 8564 8332 1234 7265 3268 375 1315 779 5669 6431 6184 4550 8755 6062 1090 1459 3185 6717 9920 566 133 5408 2769 374 1422 1365 3094 1221 7229 702 4291 2145 5386 1877 5762 8654 2252 7077 5785 7921 3509 8322 8824 8616 4384 9914 75 3921 6631 6347 4488 3116 1755 7257 9842 9529 4975 9288 750 8556 9990 1394 701 5376 3271 2816 383 5524 9893 2520 9797 9754 842 8621 8370 1579 4888 4798 
5500 7871 1145 9988 988 9253 3598 7182 5134 8573 6471 5885 7129 2813 7279 4182 4542 6902 6998 1277 2426 6892 3797 8576 2998 992 7197 7721 2571 8437 8871 8071 6309 16 8060 3649 5621 1658 831 756 231 3654 2993 3712 2820 6624 7894 7362 3526 4893 4991 2305 8137 5140 881 1135 6132 8078 8856 8703 6516 7727 6775 9177 4096 1187 2826 9717 2845  9 6825 9428 16 9818 3140 2836 6442 7386 6550 9969 2279 7893 2274 416 3033 3155 7904 9166 7585 6760 7869 453 840 4644 9630 1288 2183 8808 7357 5028 
8818 4183 808 8834 4001 300 8022 6796 7687 4572 6765 6318 2465 5391 3087 1850 4898 991 1016 8835 4103 8886 9289 1295 9882 8919 2583 8418 7728 9941 3446 2898 4124 607 1732 4477 7259 6106 1273 1298 7030 4390 7617 9495 6133 704 7697 1031 8047 8714 9867 2150 3952 5508 9798 186 4427 2381 8604 8507 2322 8403 7757 2798 5362 5841 3628 2621 1947 4901 3920 8977 9292 7889 4824 1777 4945 2522 2809 2992 1236 9028 1494 1540 4536 1292 1726 5315 26 331 175 8700 5086 7932 1499 448 3774 5127 3069 2073 
6380 3341 1051 2024 1230 5875 3802 6175 4749 2963 9167 5985 1991 7014 3877 6527 4658 5604 1842 4684 2287 8369 3385 7373 6302 1236 4173 6428 2715 7242 8501 5447 584 9552 7472 8166 1780 7626 4342 6529 589 9861 8867 2580 6875 2744 5459 1534 4700 3653 2570 3339 2023 2307 712 4677 3543 1237 1105 2610 8480 9606 8058 5416 5511 1882 3582 7291 9508 4276 172 97 4138 9039 9029 1013 8136 4488 8899 9188 4493 1470 2528 6516 3777 3240 1193 3673 830 8650 6283 9310 8257 693 1078 3768 2575 1012 7411 2083 
5289 7583 8532 9427 2975 7561 6792 7463 8401 2044 6651 2895 9866 9179 5763 9995 8772 3309 3668 9602 1959 6304 5264 6568 3349 6342 6688 5925 3706 4099 4360 5347 8035 2893 4774 1010 454 7919 8473 5208 6315 1476 8103 6181 656 3866 6176 9428 3527 6197 9030 5487 8853 4294 2055 2202 6988 8744 4479 7046 9195 8840 2394 7230 1733 3520 4592 8539 1439 9417 3747 7754 894 8202 287 1550 8421 6464 7330 1948 9013 6360 7435 7866 7006 5843 6420 346 939 900 7392 134 6092 9786 3717 4177 9659 8309 2716 7450 
4079 2816 5205 4973 1018 1844 2875 9439 8308 205 7740 3673 6565 5175 7891 9923 7370 4312 269 8309 1564 4013 4796 4008 152 4865 8185 9811 3174 7253 7261 3605 69 8818 8578 7440 663 7805 3231 5323 8010 971 8997 927 2499 6888 850 9869 7552 7471 4531 5468 1485 5679 9476 7989 544 4013 7800 70 1267 5061 3676 1336 3880 8606 5128 4543 6412 8360 6218 4422 9331 5215 1702 1830 8456 2552 8052 2360 6376 2583 7829 4213 8262 3657 2202 8806 7671  2 8876 8938 1415 2552 6626 5295 7511 1755 6190 3923 
6467 2409 8345 5798 3976 47 3981 8784 8952 2033 1145 1680 4616 5326 5893 9230 5335 4447 4388 9358 801 3264 4648 2216 2169 1275 3864 9680 9382 6406 9955 5849 5167 8300 1647 9144 4700 1980 4280  4 4013 1777 1684 4981 3455 3929 4211 8791 4728 8599 4501 5529 8216 9150 7745 6737 425 7961 6417 6159 4368 6372 2008 9535 1024  7 5031 2076 1988 9312 8432 2353 1089 116 7335 897 397 1546 6040 5125 6498 541 7006 4714 9691 4752 7803 6468 2713 572 2627 3433 3296 987 2969 4320 7347 8000 2749 9335 
3664 1181 8040 1106 7650 5375 2003 4399 3274 8043 9525 9772 8584 2883 838 4628 3987 4993 1096 6701 5565 76 6486 8861 1063 9455 9533 8410 3808 2282 4097 7472 9816 2138 4930 7466 3865 6933 1865 7139 1328 7742 3263 6265 626 453 893 4613 5446 1989 7666 1011 8417 4153 9872 9481 9960 9406 4243 120 8040 8341 7593 7856 6831 2523 1674 696 5809 3540 7836 7137 7634 7451 3402 4612 7905 647 9226 3351 8989 3244 715 7406 3749 587 6887 62 6345 1131 182 738 5824 4127 8594 2655 3003 6621 3351 8812 
161 7539 2301 4147 4991 2056 8760 9248 2703 4338 2599 1692 7582 9666 9099 1332 6606 2338 1394 2951 9821 7928 41 5645 2056 4988 4652 5059 1609 4356 3871 8122 8247 2524 2269 3238 4580 1029 2486 7284 5367 1438 8976 9302 1104 8075 6986 4062 414 4732 3366 235 2660 3407 2233 4716 8395 6885 6127  4 7593 9998 8126 5841 8875 396 5431 3455 7777 7918 739 9497 5708 6068 8799 3164 4143 2137 7227 909 6869 593 7497 9529 352 9730 598 8748 2967 6725 5104 6913 3076 3231 2754 1951 9979 8185 1758 4108 
2455 8850 3605 4515 4918 8756 7680 5413 893 1259 6323 7762 8204 172 3644 8556 9902 594 7304 9221 3671 8761 6134 6747 1992 5240 5050 8323 3426 3161 2431 5881 2011 6037 397 6929 4793 4429 2342 2039 2040 5017 6153 244 5189 6149 5152 1443 6743 2457 665 415 1218 3151 3514 9562 8392 4917 7885 8170 8078 6668 403 6441 2705 7152 3370 3851 7933 2064 2242 9973 7082 8395 6569 2271 4545 1722 67 7640 531 7084 4407 8101 235 4274 7663 4979 9191 1900 9501 3621 8568 9905 62 7626 3409 9784 7829 1343 
1848 71 1316 8930 8466 7886 7554 3011 5960 7621 7004 6491 1057 1411 4592 7644 5685 2255 2624 4876 507 8477 4849 9075 4734 1263 6701 8144 1047 4530 5839 2896 953 3507 8178 9420 7745 2084 8783 3705 9705 5787 196 7114 7199 4788 4759 2884 7043 3735 4113 3902 2212 5314 2978 6947 6578 6031 1443 7625 6914 7282 6873 7867 789 5052 3639 8535 7136 2423 2240 3194 4562 2437 308 1761 7225 5067 998 621 8802 1463 4523 7367 3129 3853 4314 9707 9885 5757 3685 3151 9391 558 1018 180 5610 1010 8715 9099 
3433 956 2293 7995 9745 8953 6109 3322 373 3459 3943 5527 1274 4819 2894 4403 8672 3560 4111 4909 5669 7796 8060 5060 4706 5431 5241 317 6441 308 5768 6226 7616 4413 4221 7361 3366 6682 684 3739 141 979 9267 7767 5798 8513 2171 4471 2074 2634 9380 7743 6782 7441 2804 1488 9224 8045 8157 5665 4705 3925 1891 2322 8338 2464 9683 1705 9147 6719 1796 5640 7699 7415 3408 3497 5929 1931 7968 8003 4565 3701 2098 1347 1142 4902 2835 6718 9299 7345 2383 4005 1270 626 6327 9609 9442 2362 7666 8589 
9082 5814 582 6781 9582 342 6630 5511 8625 4599 9866 3190 8300 1964 4537 5794 6867 3724 2512 2518 1069 1247 2875 8692 8225 5554 4653 7667 7917 2319 2609 3351 4485 9543 6484 4067 9885 3114 5930 8510 4065 5796 8052 8717 7761 8941 863 980 2665 9727 9850 87 974 2726 8779 9199 8280 3432 3219 2549 2103 5828 5900 2940 5371 2384 7008 1608 1851 9290 118 5916 5087 4522 4634 9200 3463 5497 6532 2480 5225 6382 2567 2551 5460 7698 8103 3741 7482 1322 2642 5937 7150 8543 5230 8873 7279 8590 481 9130 
7880 6951 1399 2967 1473 2385 8519 4936 7882 5051 7416 9459 7786 6336 8363 3246 386 2818 3339 4221 4140 5982 158 7642 4525 5388 6515 8156 3978 6996 7287 1859 3947 8686 1178 1772 1071 9698 6708 5305 4749 476 1117 8887 3164 5832 2134 3551 8650 1825 7772 9142 7807 4282 6784 8684 6023 9651 6841  1 2999 480 8212 6946 5518 5743 5070 2941 5441 1778 8246 6542 8606 5715 5430 1771 7899 3916 1674 6549 5741 5798 5691 3549 80 8827 8585 6103 8478 5426 2457 1477 5906 7021 4775 1424 2764 9845 4365 4557 
7975 8964 7452 6582 1031 9234 4705 8931 3150 6379 1832 5243 8529 3876 5144 8609 2703 3730 1065 1182 9156 3522 9011 1415 543 3787 9191 9660 9984 9909 569 7960 5225 8021 894 2608 7255 1951 7891 405 4682 9724 5649 3211 3600 793 1820 2655 875 2885 189 6384 2759 9201 7799 9655 9340 3342 5667 9324 9603 6236 3636 4828 4258 882 7437 1513 2833 5328 8271 3867 1404 3920 7078 1356 1065 5251 4012 1941 8136 4201 4677 7248 3402 2476 6903 9094 2170 2570 4771 1774 8806 4759 2954 9416 5642 391 930 4827 
2072 9201 8695 9828 9473 2125 1185 6890 7376 5197 5183 1865 5750 9860 9113 9153 2336 2368 4599 859 1290 9370 2633 6448 482 1939 5865 2476 8683 6795 7303 755 2348 2350 6935 1821 4476 8120 8711 8204 9669 3895 69 5420 3755 9182 925 2444 7902 5524 9655 9192 1247 8640 5641 1729 579 1506 4205 9262 4653 7860 6369 7001 6563 3305 5174 1039 7777 237 5595 7447 484 5665 2867 592 1199 3792 3036 9102 5668 9043 4646 3267 7683 287 1348 8262 8145 5553 7525 9150 9766 246 2503 6329 3551 7677 3720 1329 
16517
