100
710 5348 8715 2163 3677 110 2208 8910 3585 241 6634 5992 4672 8092 3943 652 2400 7755 8948 9645 5883 328 9503 2394 6239 7951 2530 1576 5992 7317 7142 3055 9017 2209 1570 2694 8672 3778 1604 2257 4020 4590 4601 5044 9035 4896 2048 1435 2651 996 7432 4887 7676 6935 3633 3916 1239 2515 5492 3583 9832 8986 6638 5202 7547 8208 7896 6219 1987 5853 4828 2359 6795 9429 3755 2182 678 5803 9969 9681 6799 7401 920 828 689 4554 1096 1928 7069 2940 1863 3254 1926 8502 8456 9473 6710 2704 2045 5049 
4909 6873 3760 8057 2655 7515 239 3333 3318 209 3014 6470 7610 3935 3650 4651 8489 4746 6579 1910 7686 4795 1516 5964 3297 9972 1789 6359 9029 3834 7761 290 708 1521 8347 3363 9037 8587 6696 8707 5148 9710 1529 9110 3645 5179 3762 8486 9925 6693 397 3963 1488 1913 9927 4785 8238 1717 7497 3619 5551 5258 3909 2611 3131 2257 5974 8520 7196 2670 7228 2344 8733 5109 1454 8730 289 1568 7217 6566 8262 3966 6882 9750 2231 6809 888 6821 4878 4737 440 6782 6347 702 9393 9478 2959 5368 7999 6507 
4390 1579 8851 9475 6688 6657 8206 3329 4578 1775 6248 2840 2093 3130 8942 4324 9939 6182 7498 1170 919 7938 7952 7266 8640 7345 3097 7951 9065 1096 810 3456 9027 9661 9283 5715 2671 7489 5397 7249 5616 1645 6441 7709 4775 5383 2034 1066 7918 9532 2236 5189 3822 188 2456 8815 3886 1905 3118 2951 3001 3929 2759 2028 9942 2043 4095 8965 9532 5844 2566 1501 7489 9007 9210 8616 743 7596 9683 8661 7128 8271 3850 7303 8460 2658 2470 2346 4563 5588 1649 3916 5869 4409 2296 5812 6452 2744 4777 2336 
8588 7344 3837 6078 2703 3048 1046 9798 644 729 8459 4125 5353 8662 7780 165 7672 250 2511 8588 2190 512 2504 8060 4921 1153 224 1373 3897 1353 62 2485 5049 3899 4915 7753 3299 5962 7551 296 6691 2363 773 8396 7377 4905 8561 1401 5155 7424 9989 3697 7937 8846 1757 2858 6351 8333 584 248 9687 646 2733 4736 897 7649 2489 549 3611 6393 7197 6654 5108 7970 5051 8837 9227 3612 238 4382 1037 6580 4431 8974 1778 2541 8184 8129 874 8768 8377 561 5766 7462 5298 3016 1463 4139 3565 1426 
6884 7114 4433 8344 1436 9484 7181 663 9448 7420 1397 6837 352 5828 2163 2130 8369 348 6611 9244 5468 4988 6157 7587 8802 7807 603 266 1947 520 8044 5183 7634 2477 3528 5422 8313 709 6085 7762 4481 7482 951 4833 9662 3115 3315 4384 9815 9926 9980 5283 1266 6137 9222 6421 3945 9825 3039 2244 6697 1083 7427 4331 3561 955 9753 1874 1665 2190 5988 2498 6024 6940 3684 5687 6407 6999 71 6222 3278 51 7857 896 2540 7080 7317 6485 3257 6708 8729 9955 7792 6157 638 7705 3464 6744 9579 1481 
8934 1920 3980 4959 8860 7664 6998 5267 1015 7069 7841 4293 3472 5698 1542 6012 9130 5211 8850 2388 1920 3931 2343 6064 6440 9333 3769 9905 6077 9700 1386 5012 1620 5366 6323 6832 3030 3321 2099 398 6742 6292 4691 6566 1991 2585 8930 1121 7797 7780 9861 6069 1712 8556 2133 4504 7890 5902 4409 3967 5602 5796 5331 3575 7514 8006 407 6897 7679 8859 7295 773 5151 8338 7339 3494 924 6270 968 5073 402 829 1142 8466 9386 3275 2971 3628 5529 3732 7595 7483 5880 9279 1058 3395 7285 1466 292 1317 
6677 3939 2090 1828 2277 9430 1675 9553 2052 2643 4626 8806 9824 5768 3625 5562 5395 6596 9190 7276 6680 3138 4760 2561 2417 5818 5956 6054 3636 2600 7371 313 2891 5814 8494 5168 1596 169 1074 3648 2812 5700 8806 2636 7821 2431 8199 9568 5379 7389 6845 2060 6879 1605 4621 9296 3775 6929 1703 7412 5881 5426 7725 8772 1240 2571 292 2836 2740 1366 2836 5552 3419 1643 4541 7592 426 2740 7160 5806 6481 4005 7866 9713 1962 8839 5361 5738 2120 7064 9502 8001 8843 3579 3125 6435 6151 9769 5624 8891 
7488 8460 796 907 6455 5337 4851 6882 4429 2011 9040 7262 2369 6906 6975 683 2097 2337 2773 4217 5753 2275 8570 4596 2207 1695 7384 8358 7816 3008 3601 5304 7820 749 2563 4276 6086 7414 7510 6867 5778 6550 482 4499 9808 7457 5182 1905 6146 7956 2474 8252 6583 1044 9200 5142 9091 6584 9852 6907 9592 3454 8564 7413 4203 7479 8041 6642 4894 1903 3509 7024 8453 343 1523 4613 7801 6705 2870 299 1013 1696 8551 3949 2740 7752 9091 8183 4336 8944 1442 281 2398 6358 4046 2953 3838 2087 5947 5084 
342 5809 2108 5147 6152 3631 9760 3953 6688 8982 605 7702 678 9156 1651 3418 6908 742 7953 7597 6038 9395 7878 4788 2106 1924 7742 5944 363 3689 1028 705 5850 3136 5852 2003 3119 1964 2308 9807 946 2913 3861 1624 8422 1864 1394 5330 8959 5699 9279 4997 1446 7157 9786 3552 5433 7528 9496 2148 7569 524 9205 9772 12 1409 1775 3131 3373 4083 9291 671 3349 3152 2295 1771 5017 41 3453 3976 5740 2733 5325 7187 6242 5111 739 1676 8991 6588 176 2913 7112 9382 2685 3477 791 4460 2960 4165 
4895 2251 1188 8244 1756 3484 6367 3125 9877 9821 7101 5618 8906 2426 9157 5148 3890 6248 3176 2881 2836 3353 5794 6301 2735 8479 9778 9878 9291 2738 395 4187 1342 1584 8783 3098 1420 1503 6223 1297 1324 9676 3267 230 8454 2424 1730 2344 8673 4907 1578 7861 8260 3724 4162 7347 2204 3940 7225 7847 3031 7621 8386 4373 9205 7170 3823 625 5025 6398 8274 6349 6074 1542 2931 880 318 4661 9577 5343 9568 1155 3205 4180 4879 7367 1527 3435 7660 8753 1283 691 6374 6021 1416 5579 9543 1591 2556 4568 
7989 830 917 415 2372 200 1295 9043 4862 872 4386 782 2027 7591 4963 3259 4959 6490 6694 8971 5243 4329 6014 1617 351 3782 3548 9894 5373 2456 4463 9714 3287 1732 129 2011 1933 1424 1054 6795 8649 5441 7577 7028 3032 2540 287 4343 5383 3334 9666 626 4015 5680 8596 4366 9462 8496 613 4835 953 1428 4549 4240 3160 1030 2603 1445 8807 3658 4592 7456 5451 2170 836 4835 1062 1124 5531 2797 810 5197 3424 4825 878 8372 5544 340 6868 2509 1528 7821 3937 2429 8413 3449 3460 7369 4895 2267 
1027 9487 6075 2830 8009 6911 7665 9072 4387 3196 8221 5197 8394 1645 6375 5624 17 8271 2316 3238 780 196 7411 1069 2626 2177 4518 2438 9546 9413 1057 6925 8901 7132 9755 6910 4043 3772 2334 8431 6969 556 9980 1715 8553 2707 7339 8571 978 6007 8161 8110 6204 5572 9179 5182 4101 3698 7620 3647 9463 8677 6924 8364 5809 6679 5275 6204 452 3961 4635 3773 4517 968 5488 3071 3675 9179 7994 1006 5186 6155 9116 7742 8079 4648 2924 2181 4698 544 2180 4161 5573 9105 2526 1382 2136 4153 3939 8940 
8114 4926 2713 8984 5894 4553 2055 5922 3732 6401 6928 5271 2556 2396 3013 6987 7044 5938 9168 1742 2834 7701 5904 8408 6806 4782 6142 8942 5287 81 4235 9753 5008 6948 8737 902 7854 7144 6824 7938 3545 104 3209 2453 2501 2575 9441 9545 4865 4961 7640 7699 2662 9896 2459 5820 4678 8602 1115 6317 5035 5350 6070 43 2298 4808 7298 6504 1952 474 4443 1850 579 4004 655 9432 2931 6448 8977 7796 1410 2969 1848 424 2865 659 2597 3895 5613 3712 212 649 9062 6283 7044 7712 7443 4342 4217 5747 
1169 5012 3949 8100 9016 4605 7532 8300 1053 2861 6096 8815 5831 4296 5592 5048 4956 8189 8944 569 1901 5508 7570 7315 8143 4615 1379 1938 5309 5596 7686 6478 6960 1635 4578 2329 2592 8462 629 3646 1324 3077 2461 3507 3726 8053 4907 8682 2594 3851 5603 847 5712 9526 8162 207 4141 9542 2146 5802 1490 9832 2281 4803 7819 3211 7132 412 8026 7761 410 9350 7190 9223 9209 916 7277 4116 5950 6223 4320 7906 7071 6384 7432 1585 6591 7925 7479 8737 3727 5322 4921 6008 125 9093 5572 7257 5857 3598 
1370 6267 9300 4912 5490 8509 5829 9119 8977 1779 5343 9649 6037 8766 6033 3469 351 2625 1394 4183 7714 1474 9505 2636 7482 9630 1729 9406 3239 7586 9356 961 205 8656 5873 5695 3517 8054 4815 2495 6186 6510 8496 2223 5276 4530 2045 1979 3507 9791 6162 1221 1265 2019 209 5100 8001 8290 4506 1240 2228 3863 8553 2433 8871 779 4481 2389 8833 5648 1236 1371 2158 9732 3595 3786 614 1992 2117 4121 1783 4632 1695 3049 6651 1904 8149 4653 195 9007 2245 2423 2870 799 1209 1742 7930 5690 483 3115 
1338 1719 4487 9848 1451 4434 3634 2066 6426 2103 2539 8209 6735 4234 1258 9739 6139 5759 4392 2686 4767 2989 5109 7637 140 6318 5731 8070 2008 6214 1186 9698 7933 5673 9546 5737 107 9532 4155 2885 1636 6694 1094 8371 7281 8705 8110 3420 816 8854 6106 5583 1844 7567 9573 1984 238 1656 55 8598 7871 1241 8297 2156 3266 7843 4245 9725 7376 8400 2610 9012 1447 56 3735 8728 5113 8198 8500 5930 7052 958 1513 8896 8525 7438 7233 8763 9095 7288 7362 6966 4881 2011 5474 4499 9854 9720 4224 3582 
4472 6834 8946 2271 3242 9034 7351 8356 7232 5851 4286 4284 3161 2151 9533 1687 9590 3118 6802 8685 406 516 5651 1639 2527 7477 6138 8734 7197 362 8668 8022 3548 3967 293 6790 3001 3997 1498 233 9848 5784 869 9362 7936 6754 1049 3878 9872 4203 2563 6630 4720 4566 8269 3599 2043 759 8685 5593 7473 7354 3615 7373 1321 260 516 674 4257 2014 7259 458 4151 8128 9820 8439 1235 7221 2317 7459 1424 4880 4090 2496 9446 8711 6096 7841 5823 4781 3434 3296 8487 3401 670 6160 3662 1186 6834 7919 
9552 4093 4729 3703 8574 4549 2142 9809 1770 811 3620 9547 5691 4062 2043 1489 2774 4491 9331 4949 5625 2765 8245 464 6167 5267 6625 6181 2805 3459 452 2358 7553 5182 6061 2479 6083 4556 8640 4206 5367 2260 3753 7411 6323 2148 8900 5449 2992 4583 398 8617 3701 8643 9081 6220 263 2058 2401 3068 5518 9205 5426 9423 4387 7840 1902 6823 8748 542 1029 467 9154 4782 7878 5477 3282 3131 926 6274 7714 1324 1243 7767 6320 6677 3987 6583 8735 2740 9651 605 1946 1430 28 6333 5622 8282 3156 4370 
5176 537 4837 4331 5319 9068 9808 4954 2199 7087 1228 6265 8411 2472 4033 4731 9149 8020 7666 4236 7113 7318 4842 9059 5100 1222 1744 722 9505 1253 5092 1033 1790 6281 5364 3462 5349 1525 8416 7548 8612 9644 166 3375 8468 4199 8107 3969 8571 2125 8206 5684 9443 9400 1095 895 622 2840 1617 6479 4093 3061 7513 5883 9343 9229 9345 4692 754 4113 8593 5718 110 5111 9094 8578 9310 3553 8900 4233 5678 3458 6270 1474 2858 7365 2369 9832 6557 339 6312 7002 3400 177 2886 2743 5758 8583 3788 2865 
9049 8733 8583 9159 3844 7677 4089 9506 7582 2989 3739 3261 6447 6361 1087 5657 79 3456 5490 6636 3795 8154 3639 7196 4683 2877 6291 6793 7812 79 9658 6861 5164 8242 6020 9008 2271 6462 8514 6206 9451 8606 9467 2251 4967 6906 7908 5046 362 9750 8035 510 4256 8026 4058 5291 903 6701 2085 8715 3133 1743 1929 8297 6337 4301 7306 4961 763 2172 1167 6567 778 6986 8818 2098 3892 3078 3496 606 9181 1531 7468 3437 9557 1526 5081 6812 8228 7166 1880 7713 5261 3809 6010 1599 4462 9668 2912 5226 
1841 431 1793 2619 7417 6963 4717 7661 41 8214 4619 5574 6097 2088 9012 5655 9966 445 8819 4546 7611 699 2259 9224 4508 8270 7175 5323 7938 87 549 6131 518 8694 8751 4287 5657 9820 8300 2050 4386 2920 7625 6836 1360 2989 8843 1326 3434 7662 2225 7397 8362 836 6621 9222 9106 3797 4545 3397 236 1446 5880 7107 140 4631 7746 2149 804 6047 552 1542 5319 4529 4730 6679 7518 3573 4357 7304 1236 2934 1053 5950 3771 4026 5172 9229 4175 6070 8978 4412 7516 4859 7871 4009 5842 5617 6158 2998 
8016 3062 4541 3335 7591 5623 6366 5109 9197 7076 8765 6785 6362 6170 2735 133 197 4259 9363 4372 329 4693 5136 4198 9552 9359 8207 5395 1329 717 8393 9345 3780 9286 9033 1371 4910 5399 2833 4107 8827 1598 892 5190 7769 9979 1675 4318 4238 1038 5042 920 5732 6531 5118 1636 5890 3325 7031 7219 4042 1777 2917 7822 1063 1950 9194 5973 3701 8379 6432 2529 9977 3676 4071 4098  7 5746 4768 4246 3137 9811 5166 5221 2694 6636 6857 8584 9961 241 2156 355 2018 5073 4530 3081 3375 76 5407 7076 
8455 8191 5957 4784 8220 28 5235 8227 2127  3 8825 5264 6166 3991 6837 8860 6979 46 3797 3292 287 5953 3648 2305 7378 4530 1739 753 4606 3498 4181 3061 8041 139 4197 6261 6519 9432 4489 8646 9436 3314 262 5602 3658 3451 4463 6989 3498 8260 282 3785 565 3930 2443 4295 8460 534 1400 9418 384 5581 8831 8425 5720 3028 4687 8592 2461 5528 7238 8249 5194 3853 3851 5204 7304 4666 2194 802 9278 2476 940 6195 2758 9735 490 7570 269 1890 6988 653 7472 2171 9078 9544 5199 117 4488 4012 
1997 1727 8613 7192 1932 8817 8748 5588 9835 942 6391 9114 9770 3683 5309 8880 3418 2152 6450 39 4042 9790 692 7866 8313 6122 3763 9865 2592 8251 3877 4589 6330 8843 8133 8262 7660 6882 3851 7495 4176 6594 2961 3947 277 8271 9179 47 6775 5630 86 817 1772 7130 5036 86 3252 8799 9951 2196 7050 180 6786 3381 5375 1271 7995 3035 8153 1846 6883 8682 4792 9844 8981 1421 4467 8160 1468 1242 142 7906 8412 1915 5036 3448 8353 4641 2247 4656 6837 9297 1188 9975 9030 6564 1247 7026 5951 5752 
5224 2834 4434 17 9031 3415 1438 3498 1576 9259 1093 1718 7165 9505 9985 2202 9305 4690 6843 1552 9346 32 7201 6887  8 6232 9803 7607 9610 5754 3359 4834 4941 7794 4851 3972 1209 2642 3822 9137 1901 4915 856 9066 772 7193 7620 77 1884 815 7981 7582 848 1535 821 7208 4119 624 4815 3729 6379 4526 4915 1320 2320 6119 1644 9882 8761 5466 5371 7014 6734 2579 2432 3858 9773 53 288 8009 7220 4621 1943 4420 6156 2765 1628 275 9741 2795 356 2472 7322 5272 144 5994 1391 1788 2228 6504 
3607 7600 3518 341 179 2302 551 6304 2355 839 4313 5928 5461 2609 348 7969 1726 8329 4597 1467 1124 4953 3940 4798 225 436 7145 7968 2225 5725 4472 5832 3325 4342 2525 9857 6645 9428 6161 5352 268 6827 1280 2081 9436 1629 6402 7514 9958 999 8981 7434 5953 9273 8585 2530 9710 5730 499 8287 7807 1323 471 7485 5666 9348 7342 8663 8776 9855 4015 5396 6682 5296 3829 2470 3277 232 6336 9587 1231 1670 3373 7184 943 1958 6067 7005 4040 6566 1644 1848 4241 2115 9333 9907 1463 3027 4922 6592 
2882 8938 1988 5917 586 2170 4739 215 2402 1076 9802 3633 2746 3175 7170 41 1486 3237 7047 5526 6155 5043 7374 396 7159 3059 6656 4974 6086 1578 1566 8969 6868 9907 1238 3806 2077 5977 4021 831 7053 175 816 6151 3351 4338 6193 4837 7575 9592 6715 82 4635 442 6831 1794 3501 3487 3121 9588 1417 4687 4909 4638 946 2499 8444 9375 8476 2466 206 5530 2641 7375 8033 2344 1713 4226 3533 5641 3818 249 5723 4806 691 2554 2952 4192 2393 6073 132 3811 7113 1393 8449 8059 3892 6893 3787 8721 
5711 345 603 4705 7720 8636 7049 9434 2863 583 5075 3033 7184 7150 7839 7875 9705 7144 8419 2098 3217 4904 2261 330 2649 7062 4742 2894 308 4881 1615 6019 5226 2218 724 2947 7206 4126 8733 69 1061 3808 9455 8245 958 7294 2472 7015 4438 7243 9114 4008 8499 7727 690 7501 4790 1784 395 5098 6665 8362 7469 1892 6932 4546 1191 4138 5024 9924 560 6085 3732 15 682 1042 3661 9506 8058 4452 3101 3524 8460 7953 7603 5502 5454 2393 7287 2201 3843 3952 6915 7665 2196 199 8563 3387 4337 3587 
3311 4897 6024 3395 1264 3058 790 4926 8916 5200 9378 2017 8724 4190 6322 2679 9692 8128 1425 3331 6681 5268 7284 3596 9285 5832 3795 7848 5572 4485 1435 5235 5734 3811 8631 6999 6869 5773 1925 5785 973 7655 4155 6049 8197 477 8728 7889 8606 153 7573 5287 1774 4857 5236 1059 7041 5383 5260 2613 9868 6695 7849 1955 507 2832 8954 3728 8605 7231 9514 5930 1238 3669 1979 9435 498 7059 3676 9104 7213 1249 744 5339 2458 5980 6398 9500 7715 8010 8465 7584 4706 6314 5891 1565 9146 4845 5293 4103 
8428 1159 33 9666 1180 2012 5453 1679 9072 5481 7135 2637 6731 7879 7976 5541 211 726 1393 7927 8737 9859 1863 9795 6173 7754 7712 1672 8951 9357 5775 7379 517 5809 3397 8049 4173 8850 9728 9597 4331 6864 2234 7414 1095 6562 9308 1307 3641 701 9234 8730 560 7449 4877 3086 5203 2589 1110 4154 8298 6885 7885 5167 9046 1282 3217 3220 6484 2945 2817 7167 6161 1404 4582 7257 4318 3890 8564 4311 943 4150 9393 1504 1599 4270 942 3154 3211 2052 7308 1510 5289 1545 6677 4336 9179 9894 3908 5663 
9192 3077 2830 5353 4481 3764 8962 5152 4006 7526 9463 1302 1676 8857 9158 9627 9479 100 2781 2691 8504 6441 553 3793 7986 3582 8129 7165 9829 8389 9180 9021 1467 8363 726 5948 8479 9689 7452 8838 3567 3268 140 1596 2125 9298 1223 7956 5750 4005 6999 4254 446 7552 8047 4785 1135 2529 1950 964 918 7483 6337 2385 5846 3415 4686 677 9456 2138 9515 3024 1758 9655 4620 3883 5305 5843 8192 1055 6200 5191 5309 6647 2744 9709 7784 231 2238 9734 7547 9508 3569 236 1894 5767 3651 2932 6445 9460 
5070 2312 2484 6829 1968 3456 7064 3625 5651 1608 4681 1852 6800 6342 4851 5896 6051 2635 6127 4641 8721 26 4150 2291 262 6044 8058 265 8976 855 9725 398 3168 2209 3579 1488 5665 6996 5113 1317 8604 6146 9521 1756 2489 4372 7652 4892 7007 131 9534 5728 157 3684 8019 419 6080 2430 685 1408 3285 410 8158 2805 8972 1738 4293 4637 5086 9407 2306 42 5553 1827 1799 4394 6199 5803 9287 9558 5935 5173 5287 6092 5209 9658 2864 1289 8440 3549 9049 1726 311 7207 883 9283 5297 5177 273 6735 
4584 8931 6778 6489 7111 4929 7236 9662 732 6523 9221 6667 1696 860 9112 6905 518 8328 4546 5311 1877 3595 3389 8540 7154 4272 4176 2452 9449 801 9187 385 9732 2317 3227 6843 7246 463 2858 7979 6986 2079 998 5034 2939 6462 8291 9809 4790 2837 1472 3019 2784 4861 7912 6290 9134 2088 8742 8583 2889 4282 8969 8973 6599 2196 5817 198 9011 8675 4529 5997 7106 1879 7383 6397 8342 5674 2558 9484 4863 4031 8856 3999 8892 6768 289 8026 8856 5384 2962 8097 9666 8283 7070 2617 6831 9239 2815 5842 
4266 3696 8191 1372 5576 5574 7769 270 7600 6680 9754 8815 711 8610 2814 5955 1730 9455 3982 6938 4839 3296 5035 857 1579 2106 3475 4762 7697 2642 604 1964 2691 8795 3336 8267 721 7458 8537 4673 490 4643 3488 1201 9606 6302 7156 1336 2109 7490 4627 6949 786 9662 7806 8717 8120 7633 3479 5818 6628 4083 4134 9319 9230 7470 3938 6303 1280 8827 976 1770 9822 4464 9323 9428 7118 6480 7117 9228 322 1744 2529 1109 7758 6687 6178 2231 673 9658 8049 3653 93 8535 9324 5676 6005 3262 1979 3638 
8441 2956 1760 8263 3772 1084 4044 891 3916 1161 6471 4238 9257 5352 1699 3367 2039 7878 5598 2712 7536 9999 6365 3981 8534 5689 9657 892 5303 1637 882 3744 945 2642 2008 4717 3726 6052 1960 7642 3565 8431 8233 9174 3783 9932 8893 2175 7810 844 1239 1698 7195 3957 5680 5730 5998 5337 2974 1302 6974 3856 1398 4271 6498 9758 8989 6577 2162 949 4219 2079 5733 8804 7605 5868 8737 6499 4395 2899 7343 5635 4598 4538 9592 278 6620 5590 1967 5946 3244 5294 9802 995 9565 2653 753 8554 9230 2916 
5856 9801 4995 1589 8606 2601 3809 7343 5452 8205 6594 9147 3840 1192 37 9784 7822 3010 1726 9790 8956 4971 5084 8759 5966 1001 1412 3071 9556 6994 5987 1764 6795 7335 9705 1753 6288 3514 5448 8092 1719 2043 7239 1911 3235 7276 8047 7410 6638 9774 7200 5595 1097 8636 4354 3415 9637 2118 6486 5545 5464 8826 7309 8611 6161 7014 365 8801 6881 2165 6893 4952 4208 484 6864 3796 4112 1263 1206 751 1037 4758 6346 2134 9746 7052 5549 9383 5522 8388 1281 7338 7214 4942 5949 9727 8309 2666 4880 5190 
4832 1773 6494 9040 8609 9710 2836 2721 974 394 3472 2011 5152 6170 498 4898 3222 2399 634 5096 787 8267 2434 8001 3209 8384 4080 7870 1050 8960 3060 5882 7085 5907 1275 5694 5617 463 8416 6591 858 8240 4955 2362 4411 5453 7261 3985 7852 4247 9082 8640 2514 7868 2993 2075 2604 3426 9946 3655 2386 9358 5889 5824 5265 3516 1518 883 3980 6286 3826 1190 4527 8781 3552 5290 4234 7165 9275 8439 1412 4709 3431 278 2578 6424 2354 5182 6202 8652 5189 8589 8010 7431 765 9628 947 2283 511 1279 
8570 689 2469 9449 9471 6022 4739 57 9539 366 4848 7304 5076 8279 7582 4006 1056 6288 5540 7258 4940 7082 2199 9303 4513 2964 8931 1812 5248 5794 3092 170 6483 5561 5971 2306 7935 710 2364 7475 7428 7212 4779 8856 5492 8713 2862 6548 5002 4755 158 6294 1837 2358 5597 6350 5322 880 8162 6922 6674 1254 3444 3158 3168 9415 5464 1103 6477 4180 4930 258 7745 9709 9114 9589 4775 1977 2489 6129 3084 2647 2423 4921 5005 4373 7623 6680 5253 5785 9954 8280 3392 3399 7790 2912 9166 3254 4015 1996 
3787 8946 2254 7884 5007 7720 7473 9782 9697 9962 5911 9133 8961 4687 4054 319 5412 1677 6999 665 3815 3305 5297 3559 3056 3087 6471 2223 2694 6838 571 6481 2136 9177 4365 3496 6897 8190 3278 2947 4504 5542 2080 3465 229 6135 3784 5641 4164 7135 2658 4331 6793 4308 4242 9849 7395 7065 8424 89 3904 8995 2922 2392 8172 3639 5888 5070 1829 5519 8017 6333 7413 6449 6151 7642 8936 6287 9635 3101 9775 8645 3784 6568 2953 8027 6417 349 5092 4842 6790 5348 3837 9713 4093 8362 3352 6333 9784 1534 
1852 4153 4219 9265 602 370 3259 9539 6658 9246 8992 6433 7892 9128 3001 7197 7155 5770 3898 8600 612 689 300 802 402 4393 5516 106 7079 5300 7992 8931 9453 2212 4549 6407 2582 4160 5946 5592 3407 1290 2025 7651 419 1378 4848 3926 7149 8747 8878 4113 5788 9179 1267 2542 9924 6783 2648 7003 2083 641 2287 7888 9205 3188 4296 1787 7348 6594 7380 755 7885 5757 4758 4656 7136 9607 8582 637 4706 7461 4750 494 2992 2370 3036 2916 9153 2036 6272 7589 9029 8559 1829 8234 1747 2477 22 5447 
9072 3754 6203 3309 9511 961 7965 2999 6920 2899 3636 7978 360 4739 8472 3352 7109 7860 2621 2614 9897 8893 6555 8926 3804 8385 3513 1903 862 9887 7350 6286 3641 9905 9595 9504 7219 3912 2504 491 6812 2492 8470 7172 3583 6942 6877 7044 4803 5850 9659 1052 4743 2566 6330 4899 951 9843 6802 8166 6082 504 4452 9723 410 400 5580 7629 4312 8084 8120 7476 6928 2942 1001 512 9885 7878 7556 1040 3728 3567 8444 4823 6134 4774 9722 3437 970 2876 7955 7052 3380 2408 3128 142 9160 8708 4123 3472 
3144 8596 949 72 1538 1950 584 7775 6180 4493 5167 6260 8060 3611 1083 546 4738 7157 336 2060 6385 8291 5464 9765 699 8592 6260 6211 7300 383 6036 6796 5331 3337 6869 6870 1639 3805 997 7819 8298 6165 431 2711 6128 1514 9609 866 5023 9945 9278 1408 8237 4743 7525 5288 3335 3785 1500 6988 521 7536 136 5852 873 7005 9074 2512 7163 72 6683 1813 2589 7114 4524 8717 4980 486 5936  3 431 5214 7763 8668 9957 5288 309 9645 5426 1809 2985 5947 5697 3121 8151 6570 6479 7226 5434 3642 
3650 8469 5455 6239 5583 6332 4956 563 6818 892 6918 7249 2459 4681 2270 8768 9969 2579 4765 1747 740 7750 7694 6437 7224 5846 9359 55 9424 1145 3697 3074 9614 5504 5665 5197 1836 621 2112 5006 7866 9030 2256 325 63 878 9093 6384 9809 3859 8132 549 7961 5826 3338 1537 8024 9049 1592 3800 194 1641 3226 9808 7146 8891 1357 8982 9513 9821 341 3731 5203 2597 4056 5266 9827 9501 1650 9636 9712 9782 6537 4026 1961 6227 5563 6337 5276 3508 138 5470 5149 3364 1630 2295 8608 9339 7630 8121 
9160 7971 8204 4363 6920 2260 9629 6747 1761 7631 2735 7826 7414 5624 1852 5727 1851 3767 2064 7127 7275 2202 8949 2425 1919 579 1072 527 9918 8702 5000 5430 3025 9556 9793 6297 1816 5774 9396 9929 3405 2131 7755 7171 7755 5959 2898 9606 9727 1315 3085 7002 9869 2034 5779 1788 2613 6852 8667 8883 1906 19 665 4932 9575 458 7581 7743 2584 6978 4025 2342 9109 1780 9513 3217 4092 8764 9175 3819 79 2261 7173 9948 4295 2953 8089 3261 6157 3108 8496 8063 9480 9162 9347 5407 5972 6929 3151 8557 
3907 7176 899 9368 5308 6764 8937 5752 1880 8113 5923 1959 374 3097 8260 1021 2402 2701 634 8559 5809 9131 2974 1641 4645 8674 7049 617 1955 6552 5526 2214 80 2777 1582 1740 9542 520 7493 1422 4985 3416 9734 1711 2865 4346 9084 5267 7047 9719 178 9208 5202 9505 850 9847 8179 4251 464 134 803 2343 2348 7235 5120 282 8975 1014 7154 2820 8789 2139 6237 4875 202 9102 9221 9287 722 6268 9006 7252 1828 4208 6757 9030 407 4936 3281 7223 1422 436 9566 3770 7671 4687 405 2999 5701 7559 
5819 842 6051 8408 5717 2605 3863 4938 1892 4585 7558 7250 1837 9387 7810 8595 8417 8217 9883 8051 1793 1306 8487 1359 1428 2511 6046 8185 5510 8100 2097 1329 5294 4500 6090 1012 7105 9953 5950 5350 890 9861 2600 2727 9248 6763 7674 4017 1332 3910 2068 3125 1568 6908 4485 2996 9419 6883 7534 1281 1335 9631 8962 6630 4131 5052 3994 1236 5005 9944 6586 5895 9805 5539 4975 5405 8654 9001 5775 6338 2911 4195 9464 831 1103 301 3828 6874 3536 7714 8155 1224 7345 7118 4206 1476 2170 8200 9064 3528 
8144 2003 5775 4302 3894 7102 6059 2548 6104 1834 8886 5367 2382 4702 6199 9837 1355 6379 6712 4892 4093 1219 2468 1438 8337 6674 9266 6860 4874 8330 388 9370 333 6163 3672 4227 3266 6084 3127 5722 4270 8366 7441 6652 3068 3640 6490 776 6371 9554 5668 464 773 4488 8254 5463 1162 7520 2323 6036 2203 9063 5406 2536 1578 5431 3116 1196 1515 2595 6918 2137 961 4360 8790 382 4352 1632 1158 724 7538 3178 7540 8311 7666 2147 126 8828 6019 2449 1216 8222 1512 6622 7111 3091 8405 6579 4287 9920 
9174 7558 2058 136 8270 7200 518 2622 5184 8028 9698 2722 1206 7239 7385 8872 9386 7512 4052 5405 6313 5268 9980 4178 8242 3443 3621 6648 22 7908 6568 9196 1818 4978 9332 88 8530 6202 2711 3714 4230 2409 6436 1788 6000 174 7012 1738 7686 1064 3496 351 2684 3476 4529 927 6919 8150 7575 6941 2411 495 2489 4229 1826 8174 670 356 4376 9733 423 4959 2142 6859 3099 4495 3385 112 6233 7423 7528 9729 7775 213 9557 2304 1140 6476 6807 5067 9769 9218 5562 2259 9799 7388 6785 469 4097 1161 
202 4520 2472 8697 7731 1924 3192 1117 2036 9425 8540 5916 5507 2667 6129 5064 1324 3621 7893 8131 8688 4014 7349 603 2625 7148 4343 9410 3970 8440 6924 4172 2960 5748 2869 7044 7672 6061 8161 9708 1839 3053 1977 3698 2073 8106 5114 3397 8080 3007 1528 6768 7022 8877 3723 5999 2377 8067 5410 6347 6507 2334 6872 5820 4434 9741 2864 2107 2155 7377 8167 346 6782 144 4044 8855 4603 9158 2252 2683 8518 3780 5803 1892 9009 9527 7891 7739 7594 9653 438 453 8339 7310 2625 2774 7052 1841 4881 5559 
9218 3048 5905 6001 9545 6301 1208 4148 1811 3461 6831 329 3593 2634 2221 8955 2161 6465 6694 6107 6118 7132 2913 4458 795 5538 7232 4199 7380 8465 9758 2950 1513 2015 5303 1058 8316 6512 5206 127 9973 8389 6809 9918 1024 5382 8873 9537 1847 5567 1997 4318 9052 4910 8776 9847 6800 2360 398 4180 825 156 7131 8690 8523 8786 9749 3191 5298 1307 9670 1623 9697 6479 1542 7073 1862 415 2962 61 2335 4959 4379 7739 6221 9507 3938 3022 1867 4336 3554 2692 844 7037 7735 9367 5824 7484 8910 1122 
5143 8580 9098 1192 1412 640 8265 3274 7407 1228 9687 9742 2539 4067 3833 8761 3574 7771 8135 1794 8459 1689 838 9303 5079 8573 5022 903 6057 3932 8377 7553 8865 7475 8745 277 4467 7011 9903 1875 4591 9590 7969 7130 3657 1803 2243 3584 9574 378 5378 8034 8420 2568 3689 3499 1142 5064 754 3551 8996 5483 1104 4213 2959 9850 4490 7426 3213 4393 5653 7804 336 3623 1286 345 1778 9882 3929 1352 6612 5659 5738 5032 8228 5780 4883 9370 844 1989 9273 6192 7473 378 406 6784 6580 4896 562 9793 
5642 2568 3949 5978 6191 1587 6323 7969 1469 6605 5673 4434 8616 7764 9466 6844 3544 702 2566 4388 9043 1840 580 2868 8570 7338 9652 5150 8587 6567 1295 4229 9135 1596 6559 1678 9535 9234 9647 7357 2191 1672 1791 808 9436 7609 4004 9332 8311 2923 72 3707 1115 7005 6575 9685 4343 2580 1187 2930 5499 8834 3511 4634 430 70 2664 6317 9305 2311 3674 1496 335 5465 8656 9772 3075 2661 5456 7738 5584 5529 1445 6699 2534 4373 2736 6877 6953 3923 6160 8804 2757 9671 3438 9539 9742 6102 5856 5399 
4765 9531 3247 5100 1348 1904 1224 4423 917 3033 2162 2853 8562 9959 9552 7448 4332 2288 4325 7637 2563 6837 6441 1672 6509 9879 7563 6251 2333 3419 8002 3450 9302 7601 4903 651 5857 2479 5074 6774 5512 3588 9627 426 3548 5531 7874 7880 4171 8552 5518 6734 5389 1959 4758 1898 8191 2321 4501 6876 2093 2503 6679 7747 6457 1582 8398 2314 413 9825 9089 5926 9765 5068 2704 3313 600 579 7546 1123 9131 9416 4210 4520 7727 8968 2771 2270 1290 7272 9147 9735 6128 5826 7482 2585 3760 2233 4899 4173 
2058 340 6451 1823 1761 9156 1489 8713 9735 9035 9836 5218 4803 4046 6090 2530 3015 8861 4801 657 2486 3948 392 4966 6126 4226 7551 6238 6459 8802 6763 8517 5495 3215 6693 7256 8723 4534 5969 4810 9921 5805 28 4724 6204 2470 7254 5571 7684 2055 2580 170 2355 9324 5136 4833 3550 9039 1071 10 7841 7835 4879 3336 7402 7924 6944 6125 2458 2913 935 2379 5071 7315 7103 7627 9785 4358 3198 7469 2765 5778 3991 5121 5102 5479 9954 8652 4518 7378 5014 2360 1565 9894 2048 8967 7818 5345 1444 6629 
8258 8731 5360 9681 2398 2464 7308 8535 3174 6858 2357 2291 2636 6348 7412 4090 1828 3719 2743 6346 7449 4109 5058 9014 355 3459 4333 4526 8804 2129 1155 3414 7212 6515 9448 9610 5331 3108 8145 4857 9967 502 7149 2603 3203 4561 3046 5031 4632 2141 7729 2081 6250 9140 7447 6606 8951 1780 1132 4107 261 2287 3873 7473 5154 3321 7083 486 6430 1581 1695 6397 2083 8844 5352 1638 9758 8398 3021 4390 539 751 2824 6790 6243 271 9748 1546 8404 880 5653 8665 9519 9526 6139 1025 2848 9574 7863 5630 
1155 9559 2027 9591 8403 3731 1229 8161 2130 4251 8904 9021 1354 1728 2163 3949 8351 1911 5495 6755 9143 1148 5421 5014 7026 7912 6040 9874 7486 3903 1856 4994 3462 3883 4585 1866 3967 5814 6379 6097 6417 5283 1470 7771 7011 3634 1720 5363 1897 7215 8470 7393 4715 243 2407 1742 8155 8447 7968 1994 8703 9825 6988 2165 60 1573 383 4027 3739 6763 6476 157 2046 4299 4280 5410 4285 2353 7125 6182 9568 5595 9927 636 5839 2335 2378 3994 7134 6698 2340 5837 2875 9328 4355 2936 7253 4738 3315 993 
1501 6144 7502 9900 443 1782 5310 4728 4135 2435 7262 56 8030 7190 692 221 5877 9422 568 3011 2472 2908 5201 5348 2237 9556 4636 9490 4294 4303 6835 2148 447 4337 2048 7242 2472 7358 1970 6607 6145 5585 3015 4175 9127 59 4397 5004 5833 1317 4367 8306 4225 9568  6 6462 9124 4642 2305 9771 8945 5492 1919 5745 6182 3967 2987 8654 7677 1310 1613 3822 3247 4629 7997 2374 4688 8746 7378 522 63 1745 5180 641 7666 5186 3455 3142 6180 5760 2913 1477 7605 4832 3574 3787 5151 6562 2441 2828 
4224 4054 6650 7471 5035 1000 9845 6076 6098 3575 6598 2514 1672 8130 3155 9338 9668 6610 2481 5848 8723 1746 3677 6328 6579 7252 6467 1730 3814 8908 4559 4390 9314 7561 1861 4350 8561 8058 426 4660 1633 3376 7174 9657 7858 6681 8996 7526 3291 7829 3374 2014 9575 3403 4694 2506 655 1161 589 821 6421 1500 5211 5736 9061 3424 6438 3975 1482 6864 8635 9467 6592 2161 9125 4450 8842 4473 1976 2133 8654 1702 500 4581 5105 1546 3440 2113 2708 4029 2934 5481 1881 4498 1217 7294 7922 7655 1269 5757 
871 6256 5224 7463 8417 701 8265 3611 1526 241 2097 6532 8295 8949 1114 9753 495 906 1866 9555 1287 1152 5037 3168 5650 2606 462 3573 262 8084 5682 7485 4340 906 1301 2758 7960 9566 2721 5838 6160 4818 2371 4455 3767 9837 560 4263 7095 2426 170 8382 9931 5207 1550 5581 4166 8364 5506 780 6448 1188 8265 789 8447 9566 9899 2759 9133 2620 8597 1645 7439 7320 6100 7558 3509 3013 8173 604 1791 8344 8986 1722 9903 6888 7304 4069 5253 2810 4849 8053 3999 3115 8842 8798 9033 5093 1557 4518 
4066 154 6163 7857 3827 8616 5415 7336 1629 3589 4293 3420 1933 3279 5143 1836 168 8799 2258 1773 7961 7107 9826 8312 222 8669 7110 5608 114 8667 126 4180 5174 6290 2037 9001 1258 7453 2689 2887 7394 6982 2659 5679 6614 4154 3867 6782 2953 6125 8555 915 3233 4733 9227 9807 9754 6338 5415 9869 1357 1894 4049 6531 4536 2439 1884 5794 6244 926 5033 3638 7908 7692 5669 4522 8199 9536 7656 1152 5662 2563 8419 8895 7297 3999 5054 7051 337 470 6920 8046 8716 7322 930 3252 6113 2814 9046 2357 
92 431 2347 8001 4475 8016 8875 2674 7552 6532 179 9566 9095 8598 4813 2744 8949 9868 9796 5638 6690 3068 3685 5406 390 4615 8658 6503 3781 4056 5212 3874 839 7559 8227 5314 5575 7102 4341 9480 9986 4520 9046 5434 9470 3860 8178 8420 80 4326 4058 6770 7395 4095 8528 4137 8710 7186 641 8844 7594 5853 2718 8433 9765 7297 99 1692 751 4440 1172 738 5312 6571 2524 4783 6783 7054 9555 6863 1381 3613 9985 8776 7709 8513 2913 2771 2051 9906 7967 9645 2112 685 4430 1877 4334 881 3569 5086 
5322 1094 2176 634 4017 4700 1769 800 1754 1324 4015 9487 1290 4000 4615 5351 2513 3881 4474 916 3787 2442 6913 2251 9479 1343 4128 3814 2224 4050 8900 3898 5144 7428 885 9161 2128 2654 6313 234 3979 328 9722 5269 680 689 6972 9545 4570 1446 461 8358 3888 7374 609 3368 5069 1090 3534 3645 5140 2434 3896 6636 9862 4781 2149 8342 7435 4814 4928 1414 1494 4650 3035 2174 5340 6359 1719 9910 7806 8532 4620 8046 2258 1582 1414 7327 9024 4948 7324 516 3734 1220 7152 9948 6001 5653 4642 3437 
467 9571 1203 1961 573 591 487 2265 6950 8558 8528 1108 7090 9500 9155 5700 1082 569 3027 106 1870 6703 622 1956 7924 4126 8257 3925 6131 9251 3714 2950 8822 1270 1263 5748 1861 1750 8013 8811 6660 6541 9920 102 6042 5427 5802 3476 2348 8829 9935 4218 1885 6909 2527 9809 1036 7136 86 3519 6387 153 6470 1562 1423 7733 7310 3284 5836 5323 8447 2496 8217 4719 2599 4259 146 8401 7735 2495 3583 4022 3065 5468 932 1944 1629 8320 9080 1715 1839 1820 8220 8309 3382 9643 2395 692 9279 8231 
2367 7727 727 584 8798 3326 4843 5297 8080 8931 7792 1663 2953 7209 3483 237 5506 5112 8557 938 3179 397 2758 1400 5058 2492 1043 7453 3184 323 5684 5552 4402 2764 6136 3200 6090 7332 8497 522 2615 2641 2185 1920 6203 5668 2158 1709 7132 715 8999 312 7464 8110 1712 2523 602 9107 6328 139 5782 8365 2043 184 1129 4531 9737 3571 1863 4586 4094 4478 7228 2631 2751 9783 8300 4909 7844 5432 1976 6843 2096 9441 4953 3808 8316 1908 9268 4644 2047 5050 3009 4090 5235 490 8621 4972 4062 6837 
9558 4508 7667 3138 7139 418 2921 1791 5327 7117 3576 7304 3961 5672 3097 5266 5833 1413 7174 5101 6057 5573 151 5419 9663 1738 5909 4637 3062 6323 1474 2621 831 9141 2111 4323 9560 1385 6114 1239 8502 9690 8543 8815 1715 7992 434 7548 9405 3960 2649 1815 9534 9152 7234 5549 891 9495 186 3953 2171 1660 2926 3002 802 5038 3677 6714 2775 9792 7953 7629 5834 2849 2797 7549 841 3231 5097 6599 7191 4098 8414 3077 3251 5648 8627 4142 1495 8813 8095 3666 6826 7374 3021 7628 8764 6698 694 1539 
2842 4999 5520 8677 7848 8317 2578 5042 7900 7676 1641 1444 8126 55 4521 1377 2055 3148 1871 9902 8314 6319 3569 5140 3693 2942 9120 2457 5992 6166 348 8835 1165 5868 3864 5366 538 6442 408 8438 4118 8401 9882 2245 4808 4404 9974 6863 3904 1846 3117 8570 8165 6686 62 1858 5980 9182 667 1973 1700 1015 808 2866 3235 1024 8232 3773 7466 4992 2212 7937 9745 8446 182 4553 9202 6508 7768 3107 8354 885 8029 6519 3924 8092 4729 9904 3626 5396 8229 5327 6411 5389 4545 5999 6413 9129 9772 3880 
4121 8336 1817 3866 6783 8351 4771 5985 4859 2539 5444 3214 3424 9826 6085 3700 4270 815 3605 7896 6211 8186 9575 8975 3576 4120 4974 9989 3249 1098 3869 3722 5787 2038 3940 2570 389 8711 4907 5249 7602 6704 4815 7379 2882 900 1079 7152 8067 1036 5048 4279 9223 976 9606 2799 1448 4580 2788 4698 2030 3010 4772 7817 1400 8713 6739 1790 3776 1647 3391 1379 4703 4558 8758 7585 1810 9837 1089 9878 874 6137 509 97 3465 115 9248 4914 1047 8388 5964 3077 1398 736 895 9151 5801 7634 7293 9578 
5633 684 957 6688 1594 9715 625 3404 5904 1714 3282 6778 4204 3791 3227 7669 258 8827 2583 1305 7216 8547 4383 4966 5636 5278 4117 1437 9264 1410 1015 1250 8446 1972 7938 40 8039 8564 9797 3944 278 9431 7074 4482 9575 6654 8504 9833 1833 1087 1139 9049 5987 1874 4016 1623 3504 4485 9412 2768 5896 428 4018 694 8752 1957 7087 3144 6873 6884 3440 7151 6315 6866 7986 5890 9872 6490 2076 1706 3929 9567 755 6268 1441 1123 7891 4945 5609 7304 7713 7857 4084 8084 4903 9188 6393 1990 2332 3266 
8874 5772 6769 1542 2639 4755 3784 2511 7597 5860 4217 1527 5427 1325 4147 3220 2448 8391 8165 4409 5695 5879 8618 6131 3963 3522 5319 356 5512 7652 9974 739 9776 6743 2281 2415 7851 2417 1279 5448 4630 5496 3327 57 3173 7475 3278 5622 5866 7795 6383 7913 3674 5002 396 3989 8524 5715 697 4036 9719 7023 1127 9496 3767 3408 8263 1618 2178 9542 7066 6808 1391 6746 3217 4564 4221 6495 6538 6439 4291 2922 704 4317 7924 1100 4659 2800 6815 1708 3188 2887 8732 4316 2383 2499 4076 6998 469 6254 
6541 3887 3062 4284 633 6280 5200 1206 9127 1739 7645 9770 1013 8349 4088 5289 9449 5099 8089 2617 3159 1277 5504 1891 5593 4239 742 9670 1237 1211 5924 4130 5099 8987 4766 2084 5267 9967 3291 746 1706 7288 517 9071 5638 4605 4360 1439 6056 2449 408 9215 3726 2264 7459 5672 6503 8201 1694 4093 5765 7618 4575 7216 2957 9342 9300 4576 9309 2591 5323 7367 9880 5840 6438 1870 6797 798 3309 9205 9599 70 8420 9677 2334 5879 5349 5190 433 3395 9283 2550 1014 210 9766 323 9552 9066 1252 5213 
1658 6575 2580 7890 8767 5370 9760 5564 2520 9421 1121 8471 9491 9541 8149 1826 1773 9850 3368 8558 3246 2651 1108 612 9213 874 7287 5118 9940 8539 331 7950 5114 9264 2192 233 986 1952 2149 3507 1374 3270 1978 7217 9164 6479 5395 937 6330 8763 5847 5928 7766 6955 6540 6980 4181 179 2098 473 8719 8781 4776 185 4397 6968 419 5384 8921 2568 5243 6647 2191 3573 216 1355 53 5612 8644 2735 4375 4491 8663 8494 7798 1555 5474 8331 1734 3924 8804 453 9057 3580 6991 3455 6901 7410 5191 5822 
6330 434 8821 8521 4007 5389 9876 4060 1001 4872 6795 1729 9363 1810 223 3513 3365 2049 1844 1452 2325 7001 8257 7734 6933 5248 7541 3834 9010 2732 6008 5341 3166 4829 214 3526 219 6443 3938 7572 1315 734 5653 679 8896 5876 544 2262 4277 2389 3714 2954 9390 8323 689 6323 3572 8230 6510 2582 963 2518 4275 481 3700 4490 4007 271 933 7946 7843 2248 5032 3497 9279 3928 5725 9824 2542 6355 8565 2608 9309 4307 932 6350 6982 4504 933 3492 3438 8248 6011 7714 8729 9711 2204 9089 9982 9489 
3387 4177 1737 4771 4026 7369 5051 9752 3545 3946 6107 2110 2906 1768 6417 3838 8119 9751 4694 9052 3244 8133 7300 5607 2199 2381 5318 4403 7822 1652 244 7561 2181 8333 8684 6208 5702 3736 5960 9247 7682 8419 7709 588 187 478 779 4658 230 1825 62 3474 6310 3714 9081 8509 2448 751 9264 270 8755 9508 4184 7288 7842 2868 3496 9896 6604 5808 5496 638 4227 3205 7579 767 3684 4710 1777 266 6535 1840 3740 9198 5554 9173 7707 8002 6276 3324 4625 5031 9184 8809 8671 3378 1677 2168 3275 4634 
7976 5123 1624 8556 8328 5555 9323 8364 6617 1100 8630 3153 9292 8722 8703 1199 4247 2762 9201 523 6086 178 1906 1623 5339 578 5001 3369 9098 4628 8003 7074 9751 5979 1982 4432 7887 7657 2796 4504 5110 7779 4009 4402 2853 2712 5601 3453 5475 1155 328 7913 7685 2235 9536 3025 9165 890 6394 8263 5518 749 1689 5270 6728 24 9702 4615 7681 8850 5472 2791 2981 9481 3546 2187 2194 5499 5640 4021 6654 5968 1934 4340 4555 1471 3717 72 2361 111 4687 4231 860 2729 9501 3940 2753 5555 4908 6786 
758 380 9578 91 9861 9476 2278 8407 4975 4270 2428 7982 239 715 8674 1146 2186 2391 1219 899 2502 2258 1482 9714 4987 7336 3654 7740 9243 4914 4527  1 5294 457 93 1508 6285 8723 9915 1260 2994 8696 5594 9585 9411 4268 7083 7949 6659 8302 5200 5513 6913 6682 1579 1900 370 1586 5993 9614 6500 6872 9615 1795 3681 6060 9655 9966 1136 5922 1226 4130 4618 6821 67 381 7441 7150 8330 453 5453 9882 2318 8718 2917 3898 618 3287 5484 6611 2901 1984 9835 8869 131 3516 1281 9786 3482 2417 
2061 1061 6547 3031 4234 2966 3413 8027 117 8095 8480 1922 7978 799 640 7247 4697 1258 534 6533 4222 9788 8517 4057 5009 5001 3926 6290 4787 3760 8708 3200 4821 1607 6232 5407 4574 9645 3435 4691 7740 1915 6613 2070 9066 3605 5669 115 4863 6204 6648 5437 2344 5166 5847 7353 167 9773 3643 1306 3533 8703 4507 4707 311 739 114 1237 6736 9901 2280 828 1817 5245 9251 883 8850 4920 999 65 1124 3999 5503 3468 9165 7702 821 5684 7475 817 3343 7360 9520 4202 8419 6183 1293 4886 7420 8029 
4787 9700 8857 2956 4945 4460 3840 3795 9381 1191 3861 505 1542 5716 326 708 3418 7499 2744 7245 4668 2439 4605 4189 6641 9377 372 4286 4263 4145 2315 9050 3845 7525 2007 8791 1985 2199 8938 1366 9742 9151 8224 1284 4867 4902 8344 8285 8753 7441 5530 3422 9880 6488 3963 2874 5865 687 7160 6480 4832 5828 5530 8678 3353 3889 3821 1690 2440 2759 9409 2182 1911 3985 9819 6778 5239 4515 1416 3992 1956 6946 3766 8189 9786 7729 1063 5651 8417 8223 8483 9601 403 4014 8279 108 4255 2100 1799 6696 
1212 7560 5230 9475 7897 1401 2605 3136 5917 4021 3480 4225 7320 7247 2414 7106 1328 3477 9110 6097 8053 3945 5699 4808 7959 330 4917 8567 2431 6716 1615 9995 628 6845 9470 8525 4599 2075 1661 516 2449 5141 1093 6121 8740 3508 3227 6421 3337 8689 2518 7742 2635 4569 2551 6946 4900 7468 1865 3683 536 3480 3678 1164 6678 9500 9689 1277 1575 7702 8145 376 9195 9238 6497 4288 2746 6077 709 6084 1118 9579 3826 3753 4149 2729 7052 9049 197 8917 9084 733 8750 2762 1897 5428 2262 7938 6705 189 
1992 4850 566 7540 440 3415 1828 9539 9492 2537 1975 611 2116 2153 716 2617 4883 4120 8018 5080 3038 7102 5814 1788 6216 4063 3568 4830 8354 273 1372 6698 1475 8290 4238 8267 1705 2418 7806 1198 4955 9781 8161 3424 1935 8877 2393 6818 2998 412 8250 2388 3866 4064 528 6435 4480 4096 1265 9186 4369 2637 5884 2196 927 6475 463 8985 8893 8270 183 201 4403 8344 9977 6338 3573 2370 9508 6571 9134 7759 5311 9353 8175 5839 5788 2655 9935 7053 8193 656 6043 4078 9204 3322 6905 9668 2307 5798 
4290 2490 2351 8693 7186 2328 1384 7112 1051 892 35 185 8651 5347 9538 6827 1186 1678 5834 7474 8732 4028 8130 1127 4458 7335 4449 7715 3355 6757 9865 7645 5599 2217 2690 9138 897 4074 6250 1948 4967 6285 8486 9970 7984 8024 3149 9171 9703 8984 6645 4787 9364 1127 2266 174 4814 6715 7889 8169 9824 7754 2166 1776 6323 4857 914 7221 5283 3516 9169 250 6153 7655 6573 4138 2032 9722 9661 8087 5058 2658 9226 4422 3785 1492 948 8600 4559 8837 3121 4384 2944 5288 6160 9267 6497 3426 6488 1780 
3294 2010 8383 9447 6017 4956 3585 8049 4678 9598 2488 6089 2256 1714 511 6042 9558 7812 994 4118 6649 467 4854 9593 2107 7366 5213 8604 792 1701 6737 4086 63 5120 9885 6081 6428 9823 4130 7458 9421 2971 3547 1678 1037 411 4072 596 8223 5066 1066 4872 5533 5920 818 3993 3286 2383 2597 430 436 9334 868 500 806 753 6581 7234 576 7063 4693 9998 6386 4592 8028 7424 5003 2100 8020 3226 3518 5438 4451 5403 7710 1621 9396 996 356 8346 7778 792 4032 8646 1292 4839 5751 4225 8425 6328 
7641 9470 2678 4027 4063 7058 1451 5418 9158 5823 4997 9028 1261 5800 4431 5323 3773 3828 6319 4129 8526 449 4921 2558 9095 2566 3749 4847 3143 2175 7527 784 7997 6557 1164 8412 3615 2615 3831 9125 4791 5180 8153 2404 7332 2584 7728 1105 2764 399 1586 1290 849 2859 3849 6296 5425 3950 7495 4921 6125 1374 2057 475 7931 3221 8887 1546 2189 9070 7023 6980 602 5176 5736 7934 7761 3464 9039 6877 216 6977 8168 7417 9837 8369 3713 1614 2319 7561 6535 4797 8935 8593 5272 3219 1814 511 1117 355 
9582 8141 7335 184 3317 3072 4471 7430 2888 9862 4308 3104 6840 8828 6873 6677 7197 587 8291 5868 4500 1179 7017 3435 9772 2289 6654 7938 9153 7772 8294 8735 2265 1981 5271 5582 1405 6094 3013 4294 5957 3673 3750 2797 2501 624 5826 6050 7563 4117 1918 2063 5296 5288 1850 1420 3929 4857 9359 3082 8981 4005 8169 1246 5986 9793 6828 7392 5887 6193 8038 1844 9866 8140 4641 2367 8764 6819 8417 2679 937 6688 1094 2585 1976 2945 358 2257 7802 9717 5340 3135 74 3509 4381 6060 3302 7561 9804 9190 
3755 7842 7386 3621 2335 8380 2341 1099 5199 758 131 2488 3798 1225 5074 2126 522 1784 4384 4676 1501 6076 7811 7927 9585 2192 339 9240 9754 144 4782 9861 4338 2168 3482 6673 548 2175 4125 5748 2934 4256 8236 3084 1833 9662 1563 2356 1446 5947 7032 9299 2023 1196 3578 7960 9740 3918 7200 5846 4062 8334 5707 8400 503 5542 5074 1051 7717 5551 3151 7003 9807 7740 88 7992 3754 8003 348 1553 302 3733 7204 8677 1281 783 6637 1021 4701 190 6868 5115 8524 8927 3515 9027 4469 4941 6431 8539 
6844 5934 5542 6651 26 1982 996 3781 9985 7696 1686 287 7781 8890 5316 9062 9673 1954 6436 726 8496 9656 5841 7020 8583 5709 2400 9405 7002 5183 4296 3847 7469 9838 6850 7496 8173 7846 7629 4510 5543 9315 1150 3324 8205 6466 2387 4231 4772 5175 1309 3268 4831 7151 6641 3414 2860 9041 9171 6214 576 3467 61 8045 9658 6912 5541 4183 4758 3170 8693 6653 2485 6195 9978 7043 2662 8717 1274 7434 3892 8935 7055 8723 6086 3696 8489 5298 9089 4013 1513 9665 7480 7926 7710 3490 4838 9604 7673 5949 
2774 6367 8954 1612 8914 8932 8655 1576 4001 6281 5363 4245 5216 2418 9320 7655 2466 7810 9305 1555 8175 818 1220 2007 5097 5282 5498 6287 4886 9523 8588 4013 5890 7543 5625 4805 6475 632 2733 6829 3265 4448 1074 4833 6866 395 8840 9332 4557 8146 887 9084 5316 8459 1091 413 3742 2941 6701 4980 2465 5289 8993 4707 2832 970 5864 5660 7954 8598 2489 7571 3046 9915 2405 6265 6662 1245 1949 7571 5743 9189 6655 1060 4000 7747 1473 7742 688 8174 9075 3153 9816 4420 4213 2648 5391 77 4660 9697 
5027 3501 7269 4426 3417 6026 691 6431 3623 8992 4003 9367 8181 658 427 2182 4757 1900 6276 5446 6427 1703 4951 6243 6124 5516 5243 1515 5594 9904 7564 621 9757 4833 5047 9526 859 2090 5958 4483 1083 9961 3850 5616 619 629 4150 5377 8881 6779 7175 5308 8482 8478 7903 4606 3995 9499 2473 5941 5755 38 6562 5512 4871 7962 5039 2083 52 997 6566 7487 7310 6768 3104 4281 7397 7254 6010 6278 4033 9537 7939 8868 8016 2194 3474 8363 8045 5948 4304 3800 5986 7218 5665 7209 5180 704 9292 5233 
8053 2210 9072 1715 8978 2176 5996 2727 5783 2007 5358 6168 1544 9649 5036 5912 1843 8511 627 9889 811 1283 41 3149 8502 5706 358 3682 2762 9651 5267 7167 1861 4340 8882 7192 2868 4879 9919 8651 3238 5277 1172 1134 1278 6208 7047 3122 1071 4026 9363 1882 5310 9404 1383 3812 1463 1742 3846 4225 7745 5466 1393 9606 6158 6627 3150 9026 7858 3070 4030 1096 4699 5202 8583 5978 7762 1982 5452 5186 6008 4815 3420 1318 571 4804 1482 2034 6546 5329 2612 4291 7147 357 249 3305 6984 3400 8683 4843 
2822 2713 2291 7521 4267 874 9851 8382 2856 5303 3568 5217 6470 3340 6535 3394 8144 4370 1780 4690 9699 4392 5333 6846 4749 5583 6503 1734 5335 5186 2929 8157 4252 5220 2030 4871 2447 1882 9605 1655 3537 3173 6872 6360 6514 9760 9754 1010 4130 7886 5701 181 2279 7386 3379 3380 9321 9882 1466 4656 1420 4395 9165 5672 5968 1196 6896 8415 3078 6501 70 2967 6027 3295 9327 8893 3055 5433 9903 7185 3320 1956 7366 5599 9343 745 8979 5016 6979 446 9673 8399 1193 5190 424 7161 6386 7320 5576 5816 
173 1999 8784 6200 5294 8111 5093 4701 3545 4997 8238 6865 6953 5604 8816 2648 2701 4147 7665 6032 945 3690 783 2139 8880 1207 9300 1619 4879 1229 7435 5053 9580 6219 1253 1226 683 6347 5927 580 7696 4165 7445 4649 6121 2613 7298 5174 6760 1315 1206 7706 5005 1989 6197 237 9549 1849 1856 4428 9430 9292 9481 9010 1863 7087 236 2546 9786 6163 3126 7482 6680 6923 8483 2801 5888 2133 7975 2649 3448 5533 6707 4805 3875 9256 5043 3424 1105 6899 7852 536 2543 3686 5898 4407 7125 6135 3305 6911 
8650 6432 745 1683 9707 9228 4484 5596 1362 8812 4597 1162 697 7656 5968 4572 3264 7363 7996 4369 4262 2201 1257 6806 2239 7156 7565 9364 9643 870 6275 4645 3654 3372 6328 3362 2600 7165 5310 314 2329 6259 7829 3026 267 3797 3951 3531 7512 8299 4252 1774 6852 5510 4932 9091 9018 8849 4807 5013 9720 7434 6010 3374 806 2339 3088 3407 5856 4750 73 4537 7361 7902 3915 7628 8051 7866 1159 5563 2518 5412 3690 9370 7274 4974 4814 2644 3824 9621 7657 3544 3408 19 3270 4214 8710 2711 3973 4566 
3813 4047 5455 1175 8301 9371 8803 6353 3589 6315 8268 6107 8079 1958 1830 5353 6933 6644 4349 757 2617 8358 653 6025 8377 275 240 7088 9338 565 8006 3152 964 3462 4327 9266 2833 9482 1971 6422 2149 239 2530 228 8550 712 1933 5483 7356 6282 2592 9973 4640 9597 2351 9370 9872 2591 6458 9211 9508 816 8715 473 4278 9394 6091 7111 5228 8062 9886 7378 4653 8768 7606 3203 9480 9540 5038 6836 2174 3982 3161 3167 3579 5512 2537 9804 4455 5347 5367 3964 6163 4082 789 442 9828 6880 3905 5056 
1294 143 2434 5947 8911 41 5503 8391 5933 541 1579 4459 876 1093 7626 4455 6605 6515 611 7413 1862 5978 7729 4378 6412 8518 1172 6240 1750 1429 7649 3044 1573 83 5343 484 6476 846 5228 8761 7740 3159 3221 8616 4252 7199 9423 7210 3715 35 4623 1929 2365 8704 2659 8778 3574 3831 1370 5324 1613 9019 4720 3186 5455 63 22 1931 910 1602 7045 5002 4762 266 3618 9014 7465 9393 6224 7532 9428 7199 9462 8146 5903 2121 3276 5829 2305 4646 1153 3918 18 2225 3456 5473 2289 3478 3756 9551 
5081 801 4553 9843 7419 4523 5209 1237 268 1434 8769 9697 4985 4583 4195 7241 3057 7471 3070 5362 2117 576 5632 8487 2801 9088 312 1442 8918 4069 7345 351 1222 1898 6546 4994 2773 1756 6231 3042 9542 1352 9091 4527 2288 3286 1768 5345 7109 1191 7059 9226 1767 2691 4066 920 8131 4378 2363 3401 4799 9708 3753 2374 7959 299 7368 7084 2055 9951 6478 7949 1303 1921 2477 3591 1559 597 5288 8668 1788 2347 4247 9907 1390 8313 7180 5873 2691 9543 9275 3843 5603 9380 6217 9914 9679 3585 3351 8087 
9888 9829 6036 7543 8103 4865 7487 9662 1815 2775 8331 9955 5123 8930 9863 2865 7243 3395 8739 6286 9290 8014 129 4893 7394 2698 1160 3425 6283 4511 7864 2523 692 3901 67 8795 5118 7554 4810 6933 329 9493 3241 1804 8423 3104 4670 2018 2851 9761 4656 2141 4127 1138 3386 1521 3836 4546 1298 6472 5409 9163 8995 2454 9416 9062 1249 886 6616 2411 7820 3298 1904 1061 5102 327 517 6124 8697 3368 5885 3354 1861 12 4492 5247 7885 8328 9794 5536 4800 1555 4699 148 4009 467 9210 5259 1353 2179 
4022 5525 5477 5927 6586 6931 6254 3455 3056 1304 3175 5293 4658 1388 1658 9150 6636 9543 3830 6430 5079 4983 7985 6130 5131 8347 6597 693 9958 7951 2872 3980 3476 8349 9907 6415 5281 2514 6222 4689 3818 5750 9982 8476 7138 1640 3978 3774 7536 7808 6556 8967 9143 894 5098 626 9241 8047 1320 9199 2350 4192 3179 5827 8894 9439 8594 527 1953 1168 5216 5771 3270 1550 599 409 3191 4577 535 7079 8737 3444 6046 7881 4338 7496 4859 9931 5544 6179 5482 7894 6724 5013 73 5618 4452 5019 6145 6405 
2540 7713 8528 5810 9263 9127 2571 8806 56 3107 5885 8794 2903 8284 3027 3593 5780 7886 3524 7676 418 5358 1923 7142 371 8348 2760 4824 3368 5257 7581 2260 2970 6110 8070 8585 1589 642 7392 1646 101 9629 6792 9356 7913 9819 2949 3694 4057 2825 7722 4475 8183 9645 1617 4906 7994 729 9730 7714 2338 3664 9974 1660 9774 4396 246 7715 5038 3990 9361 1491 3619 6153 847 7885 2324 148 1579 6382 2973 5653 7209 1156 5299 5179 6063 9645 2260 2145 7359 4599 2161 3685 2611 1935 8081 2857 6003 9472 
3199 5364 7315 3171 1518 4515 1056 194 4663 8987 6576 7637 4640 138 5145 9939 5317 1208 9584 3929 9706 3295 8528 1867 3332 7492 155 1414 6701 6158 7238 9901 7874 4553 3072 9392 9068 4128 9587 3732 3115 2515 7721 7755 9005 2866 4047 674 4075 9983 4604 133 9631 9484 8352 2963 6976 4859 729 3678 1017 7967 9931 8892 8873 3003 4636 4293 3483 575 4377 2950 9443 2098 7057 8448 4965 7456 5475 5392 7440 79 5525 3423 9563 229 6386 2892 5089 3468 6570 2458 1435 6501 7702 6660 5856 2339 954 5691 
9266 5331 8641 5061 3782 2050 9862 8747 9507 5337 4139 6947 5416 6016 370 1331 6245 3108 4223 1334 6576 793 145 4364 3646 7847 1024 5854 6538 8330 1545 5805 14 6538 7218 3796 8589 7080 2543 8096 2417 3034 1395 4185 9050 8117 5517 5295 1225 9740 2982 4154 6886 3127 4870 6884 7326 2246 2739 3865 577 636 6022 6943 7175 3240 7091 5764 321 5986 212 9090 9020 1607 3276 8070 9724 5145 9717 7301 1237 9051 7807 8123 8530 2677 1360 5857 4924 4099 9722 1853 1087 5744 5148 8262 5336 2239 378 5657 
4577 590 1100 3597 2197 728 8019 8273 5873 4088 1927 7110 3140 9734 1586 8022 8764 2946 3879 40 3397 9953 8245 4484 2049 3393 9099 7386 1984 9477 9395 6561 68 6847 6510 8617 7575 4529 3243 9800 8617 5170 3263 8109 1256 1201 6132 6372 499 6363 6412 3896 6317 4657 4732 4718 4402 3831 2104 2738 9661 7852 9299 9729 4699 2161 4698 8627 3042 7941 8427 1660 3111 1690 6121 720 2891 8605 7092 9742 4969 3505 3638 7638 4514 4723 2356 5269 4906 4461 8007 4567 8665 3659 648 3364 5820 5347 1991 8863 
16311
