100
1716 7859 9331 5888 2770 680 5925 1551 6291 2035 4067 4013 9171 323 67 7312 7919 2864 7778 1207 4169 5798 6736 8014 8255 2239 7250 9754 5141 2783 9050 3209 6994 8382 9097 6116 5414 1374 7667 8057 3410 8087 8422 8933 8410 8489 6246 2682 1354 376 3889 1875 2526 6977 9889 7133 5568 3491 6888 709 2626 2290 270 9620 7024 9367 2088 2438 7093 6107 495 6855 4194 8917 5789 8957 3759 8387 1639 1465 5115 1880 3340 7641 5209 9581 4775 777 3072 8015 7838 5698 6657 8108 1670 3682 3827 3758 6120 920 
9865 2968 4128 412 8237 9917 9369 1996 4656 1008 3461 9771 9240 6801 3764 4449 6382 4891 5226 5806 9258 3064 7856 5916 7524 5878 9598 1351 9636 2070 8623 5854 1390 2751 2618 9628 9020 1987 7976 28 9347 1438 6151 8587 4591 9916 3036 7326 1159 4614 3132 418 4030 7341 2686 1554 3219 8636 9257 9208 7058 7880 1414 8449 6984 4032 4429 6004 6019 2405 6033 1718 195 2184 305 4787 8452 9693 2113 5964 659 1597 2734 4689 5290 5420 6243 8510 408 5500 4070 7466 9732 5484 2267 6716 9516 6696 2721 5535 
5454 5106 7253 5649 3642 3910 436 8447 9955 8901 4411 614 6851 7145 5303 2141 8917 7898 651 9325 9750 4721 6791 9482 6557 9059 2551 6073 2107 1624 1608 7561 6730 5213 3211 6724 5475 9999 5171 5430 8901 5934 2396 2104 3079 4051 4245 8348 1949 1249 7673 8051 2322 817 3886 8880 6228 6437 4953 8335 8061 2914 2249 1143 4479 1812 4219 9955 1811 9391 1737 7064 1677 486 9168 1109 4537 9766 9457 2839 1015 3483 890 9689 4300 4776 8569 528 7565 9875 5215 1978 2789 3816 3121 7268 5628 3693 3575 3792 
3084 1665 7208 1113 2151 2729 2222 6688 2495 1680 5879 9862 5163 6770 5903 5815 7898 4473 2695 1816 4348 4262 3794 3489 8079 3268 7109 59 6961 685 203 6397 8702 7412 7510 853 141 9733 3893 8988 7765 9773 5202 9280 6543 1105 5095 793 1930 7790 2609 2630 2052 6404 6119 6483 6024 9581 6543 2985 6618 6746 9382 5320 510 3244 6173 7003 2977 6418 2343 742 6191 7545 6374 9086 5003 1469 9880 6933 9259 8841 5916 7664 1597 8387 499 7621 7968 3394 606 938 141 6340 6258 7003 9585 8783 359 8914 
5202 2702 6009 1393 6600 2383 480 1603 3853 6712 4888 9464 5553 804 3480 7151 5544 3980 4772 3512 7374 1731 4451 3867 4423 7061 871 4008 2197 1230 2923 7399 284 5284 5144 6884 7667 1976 4839 1520 8688 6080 7337 594 3236 817 4097 8780 4797 5221 8645 8524 3304 3096 2391 7728 6509 9614 1736 8706 7196 1011 2457 7481 6295 7602 717 3963 5930 5557 1835 971 7989 9172 1565 1225 6342 2014  6 1139 7235 5003 9663 540 8099 8407 8268 960 8021 6356 9667 1570 3720 2124 5403 6367 6078 6120 6682 8361 
8029 8518 9332 6018 4042 7249 3596 384 9263 9954 7876 2850 4957 3891 3390 9408 2298 8010 368 6672 4367 6387 4594 4439 4864 9997 806 942 6117 3841 9303 499 8711 4987 6517 2753 8588 113 9490 7851 67 7366 702 1376 7609 444 784 6260 8455 1153 9284 9174 7540 3878 3613 2404 3875 771 9699 6344 4612 5354 6843 3323 6694 9713 2429 5282 6178 1919 3134 2598 5637 188 3974 9598 6984 4759 5858 5439 5912 5142 965 9804 9020 4578 8561 9247 1702 4612 5592 6314 6318 8787 5990 3012 8500 8419 8295 4679 
6690 7781 7277 2327 4321 1251 1925 1305 6010 7784 3097 8274 9278 4062 4431 4651 8641 9344 3898 343 3956 5842 3009 6626 4630 8999 9639 3130 7418 7934 4161 4108 2067 1438 2787 6388 9042 1065 4045 1404 5201 7142 6031 4479 1205 6814 9130 6198 6158 9381 2893 6466 5223 5902 3092 9853 1254 2731 9336 5024 7017 3497 5485 5436 1288 8272 8176 330 5689 2222 1734 890 9364 7765 5370 6921 4579 852 3119 7089 233 2364 3555 1809 4619 3000 1662 5873 5731 998 7249 9101 848 2734 4537 2136 7359 2714 2466 3048 
1288 552 3939 652 4670 5661 3926 5601 6513 3397 2691 3099 5762 2598 4908 381 5598 2922 2606 7682 273 9855 6783 1121 2590 7672 3257 9949 6738 2075 2997 8026 8979 3288 5031 3649 8949 5309 9251 1815 8706 8294 4914 4468 7244 6174 1201 2843 9096 3807 6877 9369 3663 12 6842 2605 7684 6451 8906 775 8526 8255 5153 7506 1544 184 7507 6845 5493 3110 8660 4200 1404 9926 5020 8649 2452 6222 7844 1549 29 4721 7270 44 1085 465 2649 8769 6916 1555 5896 1795 9811 1050 5653 7707 7586 3160 4552 9432 
6271 3213 9984 4027 9491 5004 9028 1944 1226 3224 9845 7608 4297 3467 7652 5382 3932 6654 504 7201 4561 6400 8996 4372 3802 1001 2079 1389 4161 2984 821 6784 6197 805 7164 5688 2161 2544 3984 9740 5769 3829 7348 6418 7297 1352 1801 1229 4358 8657 8430 8920 1409 3778 9644 5212 4779 8076 2953 5293 1060 126 8429 7257 7283 5593 9297 9444 8138 3282 9184 259 3463 2884 6677 760 589 4830 8342 1299 3487 3124 219 4897 3255 9864 6461 8034 7940 5766 9679 9000 5892 8109 2609 3175 3702 8258 8971 8192 
1540 4508 4803 1356 3744 7833 2116 4333 2663 6810 5633 2503 6287 2204 3752 9542 2068 6565 7576 6360 2331 3608 1712 8223 1717 4321 7750 1771 2580 6721 6316 472 1229 1119 1828 1326 5304 297 2011 7968 3459 3996 6823 9746 6201 575 9288 4621 7140 3217 982 5823 6825 9046 4046 4894 3368 8148 6665 2300 4869 9333 2772 2451 6805 953 3777 2109 7602 5788 6429 1061 9785 3252 7160 2338 179 2800 6959 3671 6017 4293 9494 9194 3340 9892 440 3060 8040 7106 5360 9262 2791 4484 1713 9596 1789 1842 1706 9391 
3982 8135 6805 119 1388 317 2457 1567 3117 9417 1591 5487 62 1085 1033 3402 978 1474 6462 5370 4932 8174 4632 7723 2659 6345 7320 4448 4539 9026 192 8522 7161 3349 8641 4901 3666 1099 2821 3135 6868 4412 8622 6930 1849 6008 6685 2827 7482 9499 4550 2414 7674 9182 137 6685 1880 3809 7485 6419 2835 4029 1293 6349 7378 9935 7602 7396 7386 423 6884 606 1187 1858 3888 3037 7866 573 5864 5348 6425 414 4114 4099 5949 604 7136 7829 4413 4621 600 3601 8651 1894 9950 2381 8181 3904 6130 1919 
4328 9366 2525 5515 1224 6413 8552 9091 3339 769 791 9764 7535 4906 215 3484 5510 7351 7665 6275 8324 8266 9876 3327 160 6178 5709 4693 83 8191 6612 4411 7557 9137 6278 8781 1902 4831 4224 1593 1952 5016 1357 9487 6274 7924 9324 8136 5275 6989 4411 3600 1607 4288 6927 8119 466 8988 2812 549 3531 9424 1312 7440 4913 7591 2574 3168 8774 6798 4761 726 8166 2471 6565 792 395 2241 8928 2023 5583 3340 1975 7190 3980 5254 1662 798 595 4474 1348 4126 251 9012 1567 1516 2955 4141 4684 1729 
7291 5798 8807 1810 4621 1725 2602 5016 3966 1531 3391 5901 1223 5366 9444 5203 6973 1106 6001 7568 1932 3701 1694 2183 9066 9613 3700 2021 106 4736 103 7398 534 8910 9208 5155 6987 8162 6524 7306 9693 9915 3207 7268 1634 9003 8823 8607 109 1177 6175 2042 1230 4221 577 296 187 4277 2318 293 9014 8773 4043 9548 7683 9603 1056 4671 7766 7580 8329 3811 3847 1536 1080 5481 540 9903 440 7001 7432 2967 5395 8663 7189 5973 8959 3728 250 7629 4021 5616 6402 8065 5165 438 7668 2573 1461 1786 
6505 9790 5598 352 7678 6678 2186 8218 2933 8978 1572 366 1946 6967 5381 5487 2940 4340 9215 9543 8322 3236 5159 1076 7653 6676 7866 1674 9249 9327 3460 5754 5469 5410 2459 3148 8440 997 7718 1374 9975 9290 8092 8273 2610 3473 3760 5550 4165 2975 5093 8839 2564 253 9916 6569 6929 7782 8243 2531 3462 8056 8285 8931 9818 7096 2079 8259 8093 6150 5985 4421 5440 429 2694 8050 3902 6455 9953 4419 5782 5046 3259 4698 1651 9527 1268 4933 3661 5863 7464 7123 271 2101 6055 90 9198 4486 8349 3643 
636 686 8064 2429 1115 7111 6831 1369 9918 6784 5788 2052 8183 5399 6751 6186 4926 8019 1119 8588 234 4935 2063 506 7037 4470 596 2587 8957 5297 6230 5945 5983 647 4726 7098 4110 1558 8467 4028 4694 607 6080 2877 6007 2831 5416 7285 7202 2887 2225 7437 7823 4289 4295 4860 8759 4891 7447 4068 6540 29 14 8875 7028 4740 2325 1138 2650 792 5166 7345 7751 7599 6574 110 6782 1990 7396 3985 4878 9621 7774 9053 262 2069 265 9022 3312 4064 3090 6204 4093 9456 5079 1122 549 7404 2260 3199 
4548 3779 544 2299 1378 3471 2410 4512 5461 6158 8497 6691 5779 2623 5744 2394 1044 2361 7768 4356 6425 858 560 519 6667 1991 7993 7216 9395 6605 6767 3943 6736 7312 6243 4466 783 5005 8979 2596 1163 3828 5640 3294 6452 7736 5688 3848 98 3456 4557 6523 667 1469 3394 3686 3461 7739 7254 2856 4345 4021 6800 1081 7685 9395 1900 8468 4400 879 7417 1915 4707 3057 1561 7511 793 3602 1360 7243 7058 5917 3767 4077 7386 3513 4115 847 1253 1369 56 1950 5391 6856 9383 3076 2603 1283 7897 3355 
2162 5314 5270 3222 4723 3183 733 1868 6785 8445 9112 196 714 9231 4273 8101 9096 4741 5300 349 6110 5356 8651 7853 8564 8035 930 7519 9318 5179 874 7833 6845 2496 7407 1568 5680 4492 9788 2465 2938 5252 2661 3652 835 3287 8105 9932 8028 9758 6633 490 1466 5285 8344 6383 9672 9274 3902 5342 805 4777 3175 7650 3625 6934 9218 9305 1427 9006 8123 4365 611 7136 4369 1446 423 8827 1378 4803 8585 4364 5294 6403 9649 3638 2786 9321 9264 6689 1015 69 7818 4191 7719 1443 7477 3289 7101 8904 
8647 5224 9621 9258 2360 3991 705 9136 9170 8435 3939 4107 2799 9233 510 8800 9223 3297 4473 8487 6338 5489 4908 4156 6032 2627 1951 3509 5916 9052 2414 4564 4276 8387 174 2989 2378 879 2125 7900 5667 2416 2007 4818 8002 2518 3619 7225 2167 8092 2065 4857 9933 6973 9013 5965 5953 964 5827 1869 6369 4593 2785 645 2980 2960 9986 1711 191 2111 9611 2210 4528 1619 7029 2530 489 648 6107 9008 5092 8172 3865 1378 1498 9230 7343 7451 6546 9522 5672 2915 4115 4810 9913 7096 4122 9899 8807 4313 
2011 4770 2876 2891 6389 9905 1773 3230 6905 4232 2238 1997 8757 2455 3375 255 1685 7071 4058 4584 6593 9730 7499 7061 4540 7412 4157 8662 7312 9316 9328 5675 4086 2204 4918 6828 8461 3043 6410 5366 7275 5001 3715 6032 7456 3443 2639 5494 514 6697 78 3459 6428 3929 6872 7320 1342 7381 5983 5006 6697 1663 7033 7136 3867 8303 316 2328 1346 6726 4046 8621 8079 7761 1006 1888 1204 3645 7382 8070 343 3812 7882 3123 7741 4754 443 5435 2136 6426 6793 5185 4441 178 8673 4660 8481 8989 6988 9827 
2068 7386 4801 147 5148 5807 2035 2704 5804 5769 7127 6147 5933 5009 9270 3675 6115 9714 5462 4603 2492 8608 9789 6934 8786 8462 1594 3620 3804 4935 3447 5872 2321 4600 2371 3821 6759 759 6526 2564 6528 3653 8711 8814 5014 4334 2489 1129 4048 4303 2085 2892 9263 1874 6178 8050 6688 4125 1670 6844 5412 1469 9068 4085 6070 1440 4259 9181 8551 785 1745 1431 790 6809 245 2156 1143 2734 9637 1543 3390 1722 787 2653 9948 6966 7055 6637 7443 5077 3481 2855 6547 2550 3292 8969 342 7551 8150 8893 
4688 6248 324 5478 3057 570 3986 4200 9656 3624 5743 9398 1698 6530 8404 1647 9848 5459 8284 7291 537 8117 6498 3436 7019 9791 2405 7361 7342 6907 2606 2031 3155 2931 3861 2564 9853 4200 6764 5861 7824 8859 5260 9522 1742 3664 1169 1590 5475 5805 5234 6012 3923 1732 5800 7294 7875 8205 4656 5218 1465 7262 3601 972 6545 3814 3537 2750 8014 6653 8612 5838 5513 224 1713 7255 3888 9234 5197 9363 5040 431 1728 5315 8516 7528 2609 6391 2086 3617 7961 9903 7232 1562 875 129 5377 764 2880 3391 
7418 7844 5582 9283 8068 3647 6538 1956 2881 1735 7671 4273 8519 5751 5940 7035 9632 4902 9778 1718 8519 7740 7973 2103 9302 5200 2233 1031 5965 1465 775 9735 9309 2709 9018 7377 6356 1908 5685 5589 9995 9708 9863 4866 5460 2155 1901 1444 7057 1680 3162 5577 5772 7487 4032 5074 2687 6265 2458 5004 7730 9585 1091 3391 2294 6461 768 5002 8369 2805 591 4717 2514 6806 9583 4326 8962 7837 5770 6019 5869 5284 7948 1641 2771 1981 3067 1810 4598 1877 6815 8681 1462 4258 2072 108 720 9193 5110 5441 
8350 5702 6510 864 8860 6094 1542 7822 283 7312 3842 6152 8948 8142 7793 8071 123 7212 9882 1074 9090 3049 9755 552 7307 8179 661 4379 3724 2123 9821 2075 4177 6331 2939 3038 8777 834 860 5412 4498 1054 1564 3447 9197 5709 1518 9320 2922 7752 6746 8364 7153 6501 5268 813 1033 2281 5192 4757 4405 1365 6832 8582 4049 6124 1620 2826 6958 8833 8239 1456 9887 6155 1255 9084 8217 9126 4757 7491 6878 1503 5855 4032 4357 1123 1197 1742 3405 6389 6499 4162 7755 9684 2744 1804 2160 717 982 9118 
9550 5573 6926 9437 8081 4534 4874 6298 3660 9631 3789 6890 7486 5996 7274 1843 3471 8471 9937 3228 4861 6437 7390 8968 2473 6487 7124 4633 7204 8106 3751 3106 32 7029 2543 8113 1563 3769 763 5223 3400 904 2114 887 6900 9388 9082 6723 4212 9020 9952 9073 1809 7342 8041 4282 181 1517 5267 7385 5975 9018 491 6007 2399 9387 472 315 3156 1235 1890 2909 2139 356 148 5391 6097 5582 2115 309 954 8419 9382 2763 5761 3775 3397 2295 1644 8664 9680 7619 4034 6524 3627 2786 5911 4099 3101 5419 
1687 4991 8328 3826 5348 4828 9218 1445 411 7685 1754 1365 6104 7488 4129 8217 7615 3878 512 9259 2543 6545 6878 2929 3069 6857 5715 5332 957 8816 751 2644 160 5432 2822 1860 260 8392 3305 671 6077 1411 2037 8533 5251 2518 6751 9218 6396 3615 8477 5291 160 1707 4573 3229 8565 288 8561 5874 5457 5665 4870 5617 1097 4044 3829 7709 2437 7134 4733 4866 4897 6770 3400 6500 5640 151 5718 8388 118 547 32 279 8606 4605 3508 3523 1245 8422 5749 6702 4087 619 8671 1536 1016 2500 9245 3453 
5986 3978 8319 7235 7100 8071 87 9092 4574 2157 7481 4693 2704 3865 4972 7663 8470 8480 1186 9715 3254 6936 2770 3693 3907 7793 5229 4923 6646 827 8376 8984 1157 3048 2572 4610 1119 2659 3702 5694 4817 7535 387 3873 1400 1711 1536 9870 191 9075 5938 9798 6011 5060 3491 6270 9205 8721 1194 5851 5900 5922 1188 7057 5322 3760 8019 2794 6419 1722 8488 7588 5609 5227 1462 7010 6938 9350 3232 3481 8425 5522 3279 788 582 6771 7059 9788 1844 4605 1991 4096 527 3179 7505 2202 6939 5525 4996 9711 
3599 9836 7299 9208 5063 5113 2570 8353 4464 2155 1834 9241 7677 1466 30 4612 4589 3441 752 2785 8046 9095 6881 4925 2275 738 7127 5566 6263 2123 5277 6214 1959 8929 1775 3374 394 4345 1727 1210 6500 9914 452 530 7732 6834 5142 2321 275 2246 1458 4673 1341 4691 9598 3616 5429 6726 5535 8045 5201 7164 4259 7161 6093 6034 535 2840 6732 8615 4050 3232 8529 854 3762 6261 4040 5256 4934 667 7502 2744 5340 8844 7435 4939 8812 9216 8017 4347 7261 3218 1512 7873 6731 7605 3907 7267 6797 639 
5882 848 224 763 8054 338 3376 2095 5595 8310 2762 9449 7406 8103 8293 1193 9394 7106 409 7411 1453 4023 6981 9317 1896 3713 3275 2155 7332 72 2795 9566 7272 9371 6681 5327 9709 57 7422 1656 4719 184 1106 2125 4639 5751 3318 4033 9209 3727 7796 7015 4102 1130 6332 5998 1195 9607 8154 8527 9680 7301 4445 6952 6672 1126 2279 2733 7535 6053 4390 2254 6238 1848 4379 877 3951 4049 1263 3161 4128 9059 176 8231 6541 6508 4229 7736 2468 2383 2615 2148 6036 7060 5452 2708 4538 4084 1794 2073 
137 6184 4327 2727 4384 5058 9957 8335 9107 1220 1496 3236 6631 8024 7819 3173 885 2048 909 3353 784 9877 1853 6820 6937 7305 5881 7828 7741 7675 6253 7879 211 6933 6958 947 1991 6915 9282 7451 8135 7131 7039 1119 5155 4858 4292 2392 3258 1553 5745 394 1430 7598 7215 4720 1256 9448 8900 8997 3475 5153 3228 38 2086 187 985 430 7102 267 4233 1590 3750 1272 2709 8906 2482 3353 1298 5740 4906 3396 6135 2689 7346 9702 3761 8602 9150 2661 3952 8977 4166 3532 9015 2605 3719  0 3035 7174 
6619 7268 5116 370 4892 7825 5628 7374 7530 3278 3114 2436 6674 9249 1477 4021 8951 5238 8975 4453 4251 9279 9782 8418 2812 5149 1023 2883 5149 410 6409 8121 4030 1525 8491 8922 5702 471 6296 3232 3749 9410 2021 6776 5012 3498 797 315 5089 6124 4769 5692 5404 903 4110 4568 6053 1485 7451 7554 8247 3861 5675 2277 1738 518 1199 7441 989 7495 673 1091 6906 2694 7867 1918 2545 5016 2233 7634 1140 3354 3326 2896 610 3789 7464 6663 1626 1268 4217 6226 1481 6245 8503 3219 6763 9703 660 4105 
3550 7686 5196 6808 6732 9415 5078 9277 4431 3664 3263 1923 3370 2942 4820 3980 3083 2284 6995 1061 3552 1213 7287 1385 3810 5791 4605 6925 1846 1617 1030 5396 9303 2578 8557 2388 1993 3635 1665 6424 7299 1281 8348 670 4223 3168 4650 7306 1804 1646 8367 1709 9211 5655 3094 9373 7798 4051 6298 5996 5669 7329 7744 1324 9907 6301 3712 8253 9937 1730 4677 3588 3011 9377 4258 7234 8897 5261 892 7054 3259 5611 8763 8822 1266 8209 8195 5416 2261 4493 1412 4282 1822 9157 1958 8082 1810 5671 6335 1747 
3753 7364 5336 6764 3094 5946 350 1991 1207 7594 5397 818 3205 4160 9640 824 8722 7835 6240 7335 2329 4005 1617 503 3162 9927 4937 4972 1950 7624 3072 5703 1341 4760 8819 4435 706 9169 2778 8266 6763 8176 9084 6321 8688 8725 7145 7410 6560 3385 1097 5241 3742 9066 5745 6904 8994 682 8229 944 4659 7653 6648 6000 2413 1819 435 9471 989 3213 4089 4104 7741 3174 425 6430 8251 3922 192 1163 3660 1290 6405 7402 356 8502 659 5702 5536 5240 6647 195 2893 9647 6195 1658 1466 2982 7481 8807 
2548 1571 9264 289 1097 6041 3071 9348 9964 3264 511 3624 906 3268 1026 7614 1770 8037 3317 3659 3277 6316 3854 6170 2315 6402 4180 3781 9384 1662 8941 1932 3233 8205 8574 4330 4246 1645 30 562 1261 541 4186 2167 162 1565 9782 8284 9602 9451 1943 2880 5767 5798 5402 8082 2200 9583 8215 7936 1245 7156 6221 4478 1713 1147 5160 5960 2792 5190 2874 406 2083 7061 2573 2245 4978 8707 530 932 8158 8825 3812 277 975 5567 4711 3175 5150 2927 7464 6395 6435 37 7225 8149 1184 2385 461 328 
7575 3335 734 6010 6748 9660 8256 1726 8367 5138 2659 2878 315 2823 3155 1291 8390 4219 818 9892 7146 8282 2639 3581 8319 9864 1730 5855 8601 2191 6184 2528 1879 6918 8539 8627 2930 3147 354 1298 4637 9365 528 4952 8540 35 6243 6931 4254 7062 6823 1400 1696 9463 1334 6368 5679 9416 2223 4281 7960 8407 3161 9839 1678 1700 8466 4608 1199 5172 2258 5836 889 2786 7141 9430 9174 3384 2713 3428 6798 5888 1181 4847 5351 8867 1215 7383 8283 9790 8016 2595 4550 1177 2434 6228 9230 7253 7188 429 
8777 9447 6266 9667 8585 3407 5449 7759 3143 8162 1188 6294 4050 8721 1141 5754 7588 8708 3137 2223 8498 1153 4819 3048 8682 7253 9276 7912 858 2817 8342 5988 2264 960 5655 849 4367 1104 4961 3862 9266 6149 156 9668 1222 1297 5422 8810  5 8559 1033 8504 6064 5852 7904 1099 9458 7181 9011 6668 6350 3705 2656 8614 4665 4663 5815 5384 5767 776 9247 1385 3277 9403 1054 4499 7053 2828 9661 3410 1388 695 1914 3804 2899 6171 4903 8709 9704 267 5378 6054 3972 4386 4668 8638 9050 483 4022 1169 
7612 3269 8907 889 9025 6313 1741 6078 9141 1402 9488 6881 8449 7755 7038 7701 3926 1941 6410 9982 8560 8140 6036 2533 2527 704 7523 1577 7539 7897 9098 1503 7519 8005 8745 6544 4318 486 8974 9812 8240 4814 6693 3042 8921 3731 743 9199 2025 7153 9181 585 1646 5217 9470 4173 2273 3345 2102 9813 1243 7552 7668 8762 5558 6413 1658 6228 6899 632 6040 1492 1798 9086 4534 720 2817 5277 6271 1194 8782 5453 8132 428 7022 7602 953 9296 7300 9407 5461 8543 6960 3129 3657 8870 9543 5315 1450 2794 
2299 7491 4286 4097 2929 5172 1169 5746 449 7441 6941 5584 9246 1425 2364 6268 9027 3318 5564 2679 9077 7377 1222 2389 6859 4879 7611 6402 6546 9062 5548 8845 2905 6187 2943 5834 1359 464 7932 8161 7905 1225 3745 3503 2650 6109 9772 8030 5779 1688 709 4857 5418 8284 3598 2277 3163 1210 5031 6062 6624 579 4907 5881 3118 4202 1715 4478 4667 5999 2639 8924 7225 2736 2428 6227 8845 8552 4257 4625 6592 1319 5834 2010 9603 9432 639 9118 6994 5670 5180 3618 2602 88 9499 5720 4290 7566 6550 5309 
3566 9189 4234 7143 1925 3014 3370 7123 7918 3980 1748 4510 5299 7582 2873 4902 3366 3512 4020 361 9183 9201 3979 1785 5641 9831 3857 6283 7397 408 1593 7315 5949 2179 4458 4227 5193 4181 1350 9463 8161 3098 325 3460 7032 3198 4714 398 3063 5086 759 8598 4287 1091 383 6280 922 592 2564 4671 1000 4157 1987 6950 2688 2797 1177 4233 6978 2527 3696 1491 1977 4021 1303 5361 3572 6017 5759 6635 1104 2871 5233 1743 314 1968 4376 7588 2560 6940 2259 9913 7449 598 6863 137 9748 4392 4370 3078 
3271 8066 922 5248 8439 2225 609 2011 4595 2720 4998 2051 1943 231 3794 2257 8551 8170 9845 7464 1462 8457 7377 8911 5407 592 9048 1507 4984 9770 4586 8255 4188 5508 9855 2628 4085 6816 991 8680 9536 5990 731 7832 2573 878 89 1125 5400 6287 8589 6863 1096 2318 2126 2855 2910 7527 4363 7894 7297 5301 2501 1486 7161 2356 466 7598 9172 1457 6279 5060 7447 3362 2892 21 592 9334 7498 2345 1973 2439 5560 3069 4757 7686 2276 4019 5213 2991 1913 8863 8292 4414 6701 1805 3122 7167 9404 2294 
8624 2035 7354 2424 1749 6599 8797 2342 5933 2647 4687 7906 5086 247 7327 6195 4285 5955 214 5851 8947 8479 4714 3591 2893 1415 5397 2367 8582 1153 4661 3558 9540 8367 2334 1289 4966 7483 9983 7251 130 1022 1509 1568 7621 8836 7763 1907 1144 7977 7758 91 6456 2472 3682 5701 239 5431 8068 5173 2936 9081 5083 2476 7449 7418 118 8767 4901 101 6019 1384 7476 7528 2952 5097 2717 716 7004 3861 5045 1114 3952 1502 9938 3986 3555 177 5770 1624 1702 8706 705 6786 7535 4506 556 4005 3274 5457 
458 9293 3193 7934 3173 6146 3032 5890 6862 6388 6103 1907 3855 6407 9761 3793 394 3317 323 2516 4941 2025 7574 1998 8811 5109 6505 9367 5466 9779 1177 5925 5424 4370 211 8597 6868 9595 840 3730 5984 6943 1990 6191 3351 8103 9984 97 1420 307 2613 2713 8685 187 1064 7496 1649 7569 3216 3467 3700 745 9392 5476 5115 9604 4073 1984 9199 1265 2066 1535 8209 408 7726 7912 4864 4063 8009 2636 4370 6974 5350 9407 3513 2766 6904 5162 6687 6472 8630 6739 7217 4374 2215 8684 330 2640 7020 9530 
3906 5439 7417 2115 2199 5144 27 7063 9207 4388 9700 9929 1362 1402 9337 4875 4168 2593 6390 7207 5417 1372 3946 8986 5746 6161 7670 6077 8801 1043 1959 2707 6482 9376 1174 8681 872 7553 2097 6431 1941 1797 6361 9655 9551 2050 4531 71 995 7273 7278 6412 8645 1224 5398 743 3737 9420 3172 8890 463 1483 1598 3297 860 9124 8331 8084 6678 428 4516 4971 8577 877 4627 8128 9279 5510 4551 274 2783 1829 3038 7780 9405 4788 4875 3142 560 4400 2032 7376 5883 9982 673 3095 9107 5356 1180 2137 
2136 5696 7108 713 2925 1735 5193 2204 7245 9744 8830 6380 7925 8220 512 7330 3008 5388 6824 9920 9788 5209 7296 2023 5191 4322 5119 650 9678 6299 2787 1815 8347 9896 2528 1272 7983 4074 9828 1581 170 8658 7961 8096 6878 4826 1778 6238 214 8603 6158 6354 3812 9807 4729 9003 4129 9848 6006 3807 2499 8793 5622 846 8689 4503 8470 3025 4929 8298 4606 5099 6956 2567 9547 186 3745 1326 2776 311 9929 5287 3017 93 5094 7747 9096 5575 7595 1454 9382 6447 248 1357 7293 5289 2212 5764 8314 7141 
414 2920 8592 7371 1840 8140 3909 5585 9466 3038 5897 5747 4677 8914 5840 6123 6661 1288 1698 609 2743 7432 3408 2991 5141 701 4632 7353 2817 2947 846 3232 5867 9439 6955 4059 3931 7216 9645 9749 254 1894 5496 1283 7160 7688 7406 174 8976 9104 7135 1719 2889 543 1062 8030 1244 2047 1736 414 4994 2582 9998 7213 8373 6953 1273 8656 521 7270 8405 7128 5516 3901 8411 2676 1589 5818 2850 6918 1274 9985 4989 515 528 2404 8546 8125 4451 282 4891 9445 9216 4889 3010 7590 8194 4283 6246 8715 
7905 1004 2195 3421 4905 607 6098 2847 2777 5300 6117 403 1638 1106 919 8518 3510 5817 6643 7961 2451 1534 3758 1667 2775 6769 5609 969 7404 1856 6037 5310 2860 8232 8731 4117 5191 1181 3316 7968 2834 9433 4724 4472 540 1995 2990 402 7812 5986 4716 263 3872 8474 1930 6648 5243 7540 3969 2648 5748 6358 4310 4960 943 3041 5429 6134 575 8746 455 3409 4531 1531 4233 1423 3526 3575 1826 1338 9561 6542 7953 9786 1368 6235 2786 6612 127 6755 5612 5875 9466 9922 7187 409 9315 8969 2895 6242 
7715 3350 9651 8598 4881 236 22 8407 3812 8200 6097 9725 1094 4050 5863 2462 6638 8649 5426 6765 1757 7390 8993 1223 7312 6180 7984 2980 5149 879 9222 9216 4230 5226 4167 5463 5462 541 223 5626 8741 2672 1704 6187 3075 7567 5001 9713 6217 428 6478 4326 7818 5471 5549 1483 8004 3533 815 9505 764 37 8722 1346 5263 9241 6810 7078 9782 3385 9056 4875 6057 760 1062 9132 4680 6063 5197 7249 2843 1676 1575 7014 3499 3476 8497 1503 3361 5664 1009 4125 5701 6083 5472 7317 5324 8634 4395 5106 
2019 3451 9981 4428 564 7395 9913 5244 3458 5110 2493 2654 3138 420 9668 6638 3896 4517 4493 7257 181 1854 1382 5882 7937 3206 3199 9613 1840 3946 1071 211 7398 7404 4640 4314 4799 905 5910 4610 6015 4755 7264 5506 5175 6932 2144 5423 1449 2989 2680 7982 4844 414 3864 9133 9973 3416 5099 1813 7362 6170 8377 1112 9927 9369 1778 4726 274 7688 9336 2641 2443 2952 8147 3970 9884 6643 9393 7685 9633 2073 5667 829 8840 5884 6314 8813 9300 1413 6978 3014 3936 5355 479 215 4724 2257 4941 1350 
9946 630 3992 2389 9934 2139 6360 6171 8783 2105 3856 4768 4179 5876 1949 9371 8112 8263 8184 3764 6029 1514 6778 6317 3222 7257 6532 7946 9515 7825 5649 5813 4807 9641 4554 4742 1780 7266 913 6915 9372 4769 8035 9903 6997 9984 9274 5109 8248 3810 8873 629 5324 2004 6946 8546 5613 3478 2845 1480 7655 8494 7293 2463 4487 1848 7205 6267 9114 8118 9535 8486 9239 7570 4741 6237 7555 4015 7698 2155 7825 2924 2784 9502 4928 6082 4400 6893 5912 3597 8374 3567 2091 5667 6030 6578 3867 3235 9198 2982 
7705 5085 7820 6945 2655 2562 9534 6562 2929 7232 5069 7107 6508 4205 6609 7788 287 7361 4682 2551 959 3056 6119 3050 5075 8501 5981 8943 1737 1531 8277 9442 6616 2449 2739 5623 1363 2273 8538 4293 5858 3607 1400 8718 4165 4361 6507 804 1722 7541 3356 2681 597 5827 2084 2024 4328 4417 967 2417 5948 5596 8212 2564 8046 951 8187 9409 9577 6725 3702 5435 6685 1454 4153 850 5815 7012 1654 3890 4553 1362 6571 1502 7189 5007 3527 1518 9424 846 3935 5372 6443 8499 4288 841 9451 8828 250 5380 
1905 305 7167 8590 1759 1320 5792 3927 4685 7447 7817 9238 8809 4388 741 5999 5748 620 3869 5172 1466 4156 6897 4261 2656 1185 5102 8459 13 5353 3839 8271 5658 1006 6861 3769 8678 2654 7696 3363 6453 5513 8954 5262 6254 6047 7613 2002 6667 7834 7174 4485 1991 423 8747 999 1609 3849 9458 7974 5554 9649 6245 7564 7007 9459 1334 5685 8465 5382 5401 4918 896 707 6532 3502 6754 4146 5504 9773 8332 9030 4258 6675 9454 9357 7674 7415 9559 3484 1741 5113 9485 4339 2678 6492 3798 364 8530 2263 
5746 3931 7181 2994 990 65 6496 7744 563 2000 3869 8896 7383 8127 5571 6837 3837 9598 604 3396 9434 2345 8509 8920 6684 7539 5412 6834 7903 294 5449  2 577 2630 2996 1567 2696 5845 9311 3259 4197 9532 8507 1580 7660 4079 4769 7849 29 5373 1245 9463 7719 6106 8383 755 3646 148 7590 7901 442 3039 7903 7372 2022 7252 8939 1070 3097 4603 681 3646 4135 9189 5227 8147 9620 9996 5996 6001 5370 7241 5464 9441 3348 200 196 3346 348 4138 7599 7142 7178 5503 4514 5552 9107 3454 6622 8556 
4409 3655 2202 8544 9196 3781 6692 8816 3778 9040 4817 5500 6282 6634 4941 5982 6834 1489 5680 3534 5628 3279 676 9158 5134 1543 1062 593 1349 7684 9149 5758 7691 7704 654 6888 1485 7346 2056 1615 6387 3226 3467 9021 9860 4760 1355 6694 6250 7035 228 8230 6666 7256 3740 1801 8799 4802 8746 6500 8838 7896 2258 6529 1952 2913 3417 9789 6611 5474 7757 9350 8700 1224 4723 4912 5985 6078 7958 8587 9465 4538 6817 2484 1794 6909 4285 6946 1711 3031 3446 6901 7279 2057 3430 5583 4970 6848 5373 7933 
8674 3130 7284 3726 4354 2007 8638 6691 4438 2948 5278 255 7486 8447 2739 9280 5356 7024 2578 3419 6408 6025 320 39 8082 103 5623 9404 3303 7348 7337 1977 6830 973 2055 1184 9333 7045 4228 3771 9993 9506 4026 7479 4306 6766 3111 6014 142 5690 5786 2902 8067 6106 2942 2501 2561 4917 1905 5864 8617 5594 4193 5447 2920 6248 2983 2253 9645 7211 6024 9638 3070 6402 3469 7376 9520 6581 9742 9663 8623 5528 2565 6690 7987 1859 9191 548 3128 7448 6413 1745 3042 6958 3544 5962 3207 6528 4567 9204 
91 591 8843 3161 3346 8664 6889 2866 5245 6632 2529 3868 2160 1447 6910 147 9658 6101 696 9139 3549 3461 7236 2944 419 781 8906 9978 3661 9826 9183 3752 6769 4378 3266 115 9394 155 2982 4640 6787 1863 4860 5300 9662 1771 5447 5673 4224 2495 4812 7774 2308 8400 7070 2728 9181 2328 9058 9194 2154 4593 2947 8924 8971 6213 9039 8366 6368 8373 9358 9508 6589 570 4808 2603 8693 6607 8276 2918 9103 9440 7044 7763 7841 4114 491 3374 6442 5902 2569 8597 495 1868 3873 5819 8081 2912 537 801 
7638 9895 6661 4227 6817 1469 3182 5511 4429 1459 4781 3532 7251 8177 7647 1444 2291 8139 4819 5085 393 3740 34 888 5608 3907 6707 3689 3172 3596 842 810 9843 7504 1389 6661 5325 4571 8524 9754 2382 9657 9638 5986 7834 7286 7430 6477 1777 2249 1562 2170 2341 7949 9410 7949 1856 6118 7990 5028 6066 8833 2190 5910 2689 3579 2571 8014 4503 7447 7769 3237 7104 7407 9223 1290 1045 6654 7767 2822 5255 5681 4992 7597 3630 4403 1898 1839 6873 9889 6867 2939 8722 5410 5201 7763 5341 4124 5777 9844 
1571 3546 3082 5027 7306 8657 6317 8351 5311 4084 1174 6919 9766 2518 868 9748 3273 2766 1587 6498 2655 4807 9438 7729 217 991 5492 5558 5116 1270 1755 6687 1168 1189 1715 4826 9846 8032 3178 1510 8469 704 8429 8235 9574 5649 4335 2848 8415 5923 9346 7423 730 5136 5152 947 6128 6997 2857 1244 4619 4612 4283 2139 5801 2350 6966 5648 383 6496 3510 8852 3552 1939 3439 3126 3940 7774 5974 2355 49 1673 9778 779 3161 1283 8078 9289 4632 936 6885 9251 1900 7521 7742 7702 9871 4708 9702 6606 
7556 3212 1810 1108 1503 5249 4235 5443 9376 6561 4150 5777 4586 281 6557 7748 7916 987 3389 2548 8275 6627 8151 176 4148 5893 4230 4019 6954 284 6978 4510 9848 8788 1971 7703 390 6206 9498 6118 9119 3648 1895 3706 281 8452 1454 8197 5792 1195 745 4067 7822 5248 595 1970 7494 4825 2342 4448 1461 9320 5310 1309 8108 7281 9012 4850 9839 4862 968 8959 8511 2864 9017 5144 1316 471 3342 3460 1666 439 7528 5841 5688 8123 7811 3182 9301 6505 3982 762 5825 9292 2072 286 2926 7436 5136 2765 
2299 6105 8076 7162 8969 7093 2306 6637 3916 5648 6450 5583 6088 3978 7776 8128 8453 5587 1310 7754 8445 5292 8517 4270 936 589 908 3862 8025 2397 2980 6676 4854 7408 3838 175 4502 6145 3164 8418 8145 9614 353 4233 3592 8129 8713 2046 69 23 9800 8514 1667 4669 9136 8956 5258 6397 9170 9636 8794 2150 2664  0 9559 6503 175 413 9000 3339 5183 7145 9306 5537 1379 9250 18 6444 1296 87 6468 7449 4953 4487 2118 4090 3443 3729 487 2614 9717 5633 1116 2381 5633 7027 5236 2160 7440 4236 
1851 2624 1382 1157 4513 9113 408 4531 5557 8056 971 2025 1857 5924 2865 328 6366 6308 409 6853 5274 126 8838 2743 8859 823 9770 4096 2983 3563 8332 1187 2539 9714 2344 7052 8827 9104 7935 737 3513 5258 9114 5370 1183 1979 5698 3901 4640 2459 7107 6266 8937 5945 9009 7797 3121 5132 8245 6104 8695 6577 7291 7586 2644 5988 990 7823 5092 8925 8560 8605 536 4027 328 8071 6006 2378 1972 6998 4838 9079 3265 3775 5025 8626 7924 8146 3758 6169 602 8805 9099 4246 6391 8095 6586 3733 5918 8030 
9011 831 2988 9547 4858 3316 7618 7216 2046 9590 4215 6884 8670 7480 7012 47 2458 1288 4545 6217 3810 1499 1374 2909 2097 4118 1004 8683 7851 3274 6714 6862 4105 6054 6409 5315 5722 379 2532 7768 9970 6747 1005 4992 579 4369 1391 3037 5657 2288 5606 9467 139 6981 8728 2237 1099 9732 7272 8950 3007 338 2165 3464 6392 4926 8780 2114 5306 7664 9883 1628 4411 7240 2972 1342 1609 715 4379 7266 3003 9986 3086 3142 6967 1814 1731 4418 7899 9004 9720 906 9342 1885 722 5735 3164 5854 7849 4822 
3518 4084 6450 4281 1324 5774 5623 9285 6489  3 6552 9492 9989 5990 8986 3308 7804 718 7726 5703 9722 3798 2961 9064 2036 3684 4799 5200 5890 9001 22 9409 9437 6472 3690 7114 2246 9314 6399 5087 5669 9303 4579 2010 5293 3565 5318 3098 4283 9396 5153 357 9546 8115 9422 1582 8151 573 6782 393 5926 6804 9802 5364 9628 9845 2478 8226 5511 5229 3313 1180 4533 4244 3190 9826 4162 4860 9276 8445 608 4430 5155 154 8897 4577 1737 7048 1502 4871 7441 7429 8028 3596 2793 7656 9793 1623 2235 5304 
6852 1900 2836 7737 2497 2378 7564 6659 7238 6840 1456 4198 1270 6611 704 167 1188 2441 3567 2691 3665 7361 120 1693 7309 9265 5701 7102 7240 7936 8758 444 6189 1594 8182 8686 3972 2098 5345 7562 8938 6801 8112 6561 3413 8816 3080 953 7610 3000 3644 1275 361 116 2968 4022 5733 8669 1124 9325 2958 9882 6122 9147 7828 656 7833 8152 2754 9530 2066 8044 6331 178 4605 6096 8994 4038 7050 6604 7038 7046 4231 3751 3515 7199 7773 5600 5869 5249 1278 8827 1483 7400 4326 9311 4408 2159 3815 7162 
8041 5881 1558 724 6059 2516 6821 1405 6554 223 4362 3592 3621 8593 3695 3488 5793 1468 9089 8014 6717 6719 6841 8200 4119 1167 3863 4879 9678 7678 8393 4071 9911 9951 4795 5970 2467 7968 3727 9021 8191 8089 8965 1813 3035 2660 5301 8828 480 742 3194 7197 7461 6387 1749 7932 3906 5612 2811 3584 9642 1204 4007 9553 1156 8802 1875 9975 6771 5603 8997 1314 44 4314 9479 3079 6975 1133 8259 3807 1875 1453 1005 5689 4192 9106 9973 8098 1071 2785 8034 713 341 2041 6619 7849 844 8494 7825 3967 
449 3174 5281 494 7488 1113 9925 815 2246 4537 4623 473 2342 1980 2514 6535 1086 2488 4633 2157 1625 2668 9223 1966 1061 5842 6168 8257 688 345 2224 1138 3519 3858 7984 7359 4971 4261 4527 3569 5150 5502 394 7493 3834 2909 380 4920 5397 5013 3430 7022 4033 9005 5340 5095 4847 1508 3352 1887 1853 1929 9377 1724 2139 7361 9084 3462 7975 9963 7031 3125 5465 7425 6970 9299 6686 7350 571 2083 8716 353 5457 9101 9358 798 548 557 8658 253 2445 512 2182 1822 8588 4321 5536 4024 4135 3511 
3987 1166 2988 5804 4943 9959 1455 1630 7309 2027 65 6025 8732 5523 1479 8091 2673 2027 8648 1331 2280 1093 8195 4462 9268 6784 5135 4804 808 9270 8315 1148 6788 7655 6952 1732 7614 4760 9714 1276 3139 9779 3653 1871 1654 5132 9962 4327 7160 4963 5659 9440 6056 206 255 1676 6990 5390 6480 4151 1013 1147 1651 7801 8803 4955 5885 2769 9715 1951 4045 2854 8083 7699 4726 9737 2831 1040 417 9991 6003 6076 5784 8412 2634 6039 88 5977 7781 2921 128 8794 4068 8131 2948 9223 3086 8833 1993 2802 
785 6038 2008 8868 3737 3086 4957 2921 4127 5374 9264 6482 7802 5048 1246 437 1087 7687 6414 5221 608 2894 4015 1028 1025 6963 252 4111 2149 2245 3265 9286 4635 5274 4506 4725 8360 9463 7646 8839 1190 6910 5322 8992 1959 2920 5781 9398 607 8547 4619 1215 1441 4987 2244 8818 8302 2496 2930 451 1093 6195 9737 5728 7821 595 453 2534 6411 4451 1373 7601 1362 3047 2945 9673 5968 8727 5423 6575 7274 6395 4143 5068 1382 6387 3886 9684 5235 6816 6488 2680 9364 6225 4760 3537 3173 5214 6071 9584 
6017 3797 7185 7379 6844 130 3404 9164 5209 8828 2092 2484 1575 6235 7552 2957 8974 1438 8993 561 4607 5481 3241 323 1707 8001 3860 1232 9567 9932 816 1937 81 8001 5668 6925 4483 9073 2442 9693 4253 4534 8529 5828 7121 2433 5137 2447 3871 4130 3008 4830 9612 2601 5153 7671 6954 9014 8903 2874 5298 9719 4811 5379 4072 479 8656 8555 5904 1098 4600 157 1984 3129 2337 5457 1914 7474 7904 5786 1605 7264 6968 1217 6217 2122 8888 9524 7488 4143 8750 9138 3862 3561 869 4286 392 5877 9193 6297 
3328 3794 2806 5312 3275 1496 7122 5190 8970 1378 7328 6927 8643 4296 4496 1212 2770 9736 736 258 3879 9486 5748 4093 9399 6617 8379 6144 8847 7573 8793 2175 1367 7951 3839 994 9447 961 6184 4770 2340 9864 1697 7335 4161 6194 8547 6931 5930 5636 3542 9810 1474 5642 3903 7226 8612 8635 3370 7459 6208 8515 9634 3927 6466 3473 4921 5914 787 7458 7036 3127 7322 8733 462 7835 1279 5361 1119 3562 7349 1013 9724 5176 6655 9979 2402 5267 8614 2124 2726 4822 639 8712 8749 3457 2186 23 9371 2973 
7481 2759 2452 4803 7845 9266 8991 9124 979 110 2686 8329 1123 8762 3505 7778 8742 2259 9398 7356 4383 2124 8531 1374 837 7280 4831 9375 3655 555 8700 1136 3314 1152 2292 1159 418 1283 6636 1397 1393 5674 6078 8868 4437 5935 2998 3179 8194 2396 6887 8929 4521 5418 303 1710 9051 1487 1085 2706 2042 9785 195 1708 7289 2487 9220 7707 3770 5856 5456 1515 1530 7887 6735 2319 3822 9733 1850 2017 2130 8738 7298 3003 508 3954 4713 5911 5441 2150 4970 3835 8287 5165 5543 5576 7652 4763 9635 7774 
6971 1443 5641 8502 9330 8728 7173 3153 8461 9024 1522 6943 4114 8820 9946 4622 9126 1011 6886 4567 3161 1856 8402 1448 7021 298 3376 1025 1413 3011 5151 8385 4455 7144 3239 137 5872 412 3290 685 9436 1164 7629 3550 6337 3927 4525 5463 4939 1411 31 8100 3267 4785 5901 6640 1435 5629 4017 2849 8641 5520 7586 9448 9016 825 5937 1240 1237 5580 1925 7026 6744 5906 576 3081 9834 1453 8545 1125 2864 4928 9225 2483 6065 1478 5475 3853 7108 5844 3054 2101 1364 640 7901 380 1465 3838 7972 2702 
9418 6250 6080 6163 2156 6657 5596 8342 4462 493 9467 7327 1773 5045 6162 4191 2875 1638 8044 9983 7482 1098 8436 5199 1738 6337 1931 9555 6528 9904 8609 5946 6154 4690 8461 4662 7699 410 3005 2161 903 8824 9488 2677 3869 2003 3220 6745 3641 1264 3080 7475 8714 7869 2674 452 4206 4606  7 734 4510 4968 3033 664 9658 7846 5326 7357 8256 4683 9519 9160 3508 5359 8189 3729 7362 1409 6826 7355 9025 9907 4831 7739 7776 7505 4543 8334 2111 902 5421 2973 5870 4806 9989 5529 2652 1668 9238 909 
6351 8757 6421 6211 469 962 9941 7831 8723 6767 5187 7748 3026 6370 1839 802 3875 2734 5489 2339 3636 910 5312 5858 2068 5302 1387 4720 6970 6978 1981 9673 5735 8402 5885 2556 5716 2178 388 4439 8945 1927 8539 8324 8297 6730 9126 8524 9464 967 863 9452 8229 6176 5311 297 7830 3050 5018 4800 28 3351 4473 2116 1754 6710 4672 3822 8888 1412 8262 4186 9691 3153 2510 4340 9884 7988 2865 5700 8956 3728 5153 7185 6256 464 3835 4086 9866 5205 5238 9895 8556 9712 8363 6662 6422 3035 485 1663 
800 8747 5849 491 8252 8359 1184 8136 6347 4049 3837 5303 4129 8990 8841 6738 5806 2676 824 5672 4233 6063 1919 2789 2127 282 9452 4901 3318 6289 6564 470 5036 8765 961 9640 7124 8497 7777 3472 2546 7966 5127 3028 3308 320 9766 9114 9348 6942 1138 3581 9357 3058 6371 1484 3340 2175 2738 3010 8464 5654 3480 9852 4420 794 9492 1544 9291 3621 1368 8190 1587 6496 1218 1247 3168 7336 6713 2517 4278 7852 6098 3636 7262 8821 1472 602 996 4210 9965 5812 9865 3445 2016 637 591 1509 8533 9883 
1482 9902 4425 9422 2750 1995 669 5918 9331 7383 8435 9961 1587 4534 3597 8849 3355 1422 5803 704 1984 5768 6516 1849 5566 8533 8838 6157 6394 7372 2392 4228 7274 6817 3650 6376 8812 672 2294 4495 4407 730 4457 5994 1616 4406 1195 1323 5828 3350 8379 7813 5471 1248 6014 1037 6133 1205 3546 2527 8577 2291 6755 5851 5460 6758 8579 625 7430 873 5120 1837 7955 5929 4183 5923 336 1730 7247 2516 5080 5626 6681 551 6874 2696 7940 3007 3901 7839 1886 8830 130 4994 1033 5590 8104 9612 6215 5534 
485 7688 3723 4793 3617 4258 716 3953 5988 4315 2822 1068 6294 9503 7972 9520 8551 5912 2528 8804 103 766 7634 233 2112 8667 2176 216 8279 8391 2102 5117 6079 2177 9910 9697 6435 6978  2 2423 1294 2824 9844 7588 8680 7816 7108 7231 80 5988 6036 184 3107 3670 6769 1571 8690 8945 1788 3321 7337 242 8438 9768 8772 4700 5817 5207 8031 2172 3983 9325 1348 3827 3265 28 7995 6725 7260 8075 9066 9648 4611 2173 3318 1381 3744 8360 6678 1884 1682 367 8479 120 6488 7251 1173 2305 2458 9204 
829 6441 4881 2178 6620 8146 8558 4615 1223 5818 9043 289 1818 3654 2462 5137 1387 2559 9849 8066 795 1531 4785 9274 8004 1273 2877 9177 9931 1688 4733 760 4481 9614 9290 1102 4112 7849 5717 5335 19 4760 5625 1838 4767 4439 3327 2506 6998 3176 6924 4146 4708 1710 9772 2712 2983 2650 8241 9266 4338 2974 27 8819 2588 9317 6273 6700 7166 1991 8387 7186 3103 4012 5376 4222 8452 8703 6729 1802 1879 3653 5948 2939 1715 5721 2003 1051 8371 244 317 9061 3218 6696 4232 2158 6014 506 5210 9532 
8849 3598 3070 1952 3962 8446 2527 2414 3501 9256 569 5381 9261 6517 8320 7329 8590 324 8380 3313 6920 5049 2374 6491 1746 2959 8649 4112 3465 212 9996 2314 162 3067 618 4124 7865 3145 2891 1367 8753 3460 3100 8015 6329 7772 1696 4920 4448 6428 4585 1369 7829 3312 7860 9575 6271 2861 39 9736 9425 36 8402 9587 9455 9020 3712 3672 8518 6603 5039 7271 63 8139 1638 2744 5912 3334 7664 6712 6114 2250 8081 3944 5562 2293 3519 8185 5155 9911 4273 932 6299 2675 520 2106 8047 4232 5778 6565 
7187 7170 3837 7250 1661 5475 9994 3925 5162 4011 638 1276 2613 8719 5220 4527 1013 5092 2712 2520 1355 6985 3452 7654 6012 324 6112 4059 4556 1890 625 1743 9060 4462 5345 722 6289 1692 4647 7803 2055 5285 5432 4668 357 652 5547 7722 2096 4611 6594 3451 1596 6398 7457 3960 6723 3569 8019 1279 1812 8644 9375 872 9458 1072 7946 2100 9116 8946 9903 1171 583 1687 2191 940 2340 7738 5014 788 2349 1608 4240 297 8007 8049 4257 1082 7971 8629 8713 9783 3625 8088 655 3084 5513 4954 1536 4629 
3900 7791 2153 835 9479 4344 8128 8171 8435 3142 8959 784 1103 9551 7434 9110 7601 8043 6544 5572 6672 5257 1707 298 9698 2362 9734 5211 3668 7622 6192 3920 5413 8345 4756 1244 2690 2884 9415 7477 6026 8375 8261 7129 4278 2047 2591 8231 6443 5487 155 3115 745 1862 9765 443 577 5851 5654 4245 3473 8198 8166 5239 6544 9274 6483 5586 2158 5899 3063 4536 626 7676 8018 4904 6076 6961 9488 2519 2449 9643 1986 3194 1506 8104 9989 2083 3955 1995 2680 3781 193 7198 5372 3089 6472 1855 8675 4982 
4106 8090 5871 1084 2119 241 2341 8195 7202 1829 714 6003 1472 9052 5549 9330 7156 5538 1413 7464 3885 4094 7597 4079 7644 2969 3520 4117 1176 8548 9099 1635 6638 1322 9071 5109 1563 1412 3304 8766 3241 370 1121 1066 5775 3023 396 2931 8561 8162 6747 8799 8608 4344 9230 6252 3665 2750 369 1194 1298 5821 2829 4289 7143 1900 9398 8707 9665 9055 3825 2906 5777 1298 324 1552 4321 721 4484 9235 8883 7583 8034 7491 1928 7264 3743 5593 14 465 6787 7665 6286 5968 8306 9781 4221 7704 8488 3886 
3111 8665 3144 8889 9964 3469 6793 4285 4190 7629 3520 9425 5213 7906 6916 7141 5170 7011 9086 1537 7476 2226 5554 114 8194 3860 9896 8767 7916 4736 2653 1028 3402 5798 6269 9718 9267 3062 4003 9809 692 3876 9234 5905 1782 2502 9398 3305 5865 8484 1194 9694 710 6748 9808 5257 608 6056 376 8524 7145 3030 5904 547 5180 8525 6617 799 1588 6972 608 8632 848 6194 4537 8983 5048 3935 8640 7265 8771 9834 6959 5834 6582 3120 1091 3542 5528 1467 8418 2673 849 4323 9572 6029 2848 6189 3180 788 
3162 140 9420 362 2686 309 9345 4086 596 7985 1352 9368 4171 4663 5202 753 7783 2645 647 9664 464 9066 2337 7666 9741 1910 47 8941 8099 3228 9730 1261 3368 5502 7976 6055 5812 7321 141 6408 1659 7845 2128 5830 2509 3682 2936 6644 6327 3583 6308 3144 9001 8646 810 8742 6908 857 7684 5007 4085 3766 2621 3806 5620 6949 6213 1432 4270 6354 4193 2281 552 2673 4464 3061 6356 7400 9705 9035 7335 2366 2179 6337 7364 9341 1431 4272 199 5467 5631 636 5585 4604 794 1206 1553 7007 8990 2176 
9714 9535 4457 266 2209 8921 9679 8565 2673 5736 3952 6361 8102 6132 2698 5466 1825 481 6090 2024 5949 8074 9013 1534 2678 9807 9092 584 6815 8083 9112 2881 7618 3569 3147 9827 8843 2826 4744 7868 8562 8697 4229 3017 1181 3279 4835 9358 3761 926 1383 6062 5352 6748 3948 4382 6555 3041 4966 9722 7476 4078 2603 5094 4000 2102 1274 9195 1280 6018 3415 9843 1067 7645 9212 8600 7276 4047 7959 7389 1325 5694 3451 6677 8794 7400 1060 5349 6793 2378 1424 4269 2809 379 9363 6809 2482 6989 2356 114 
9360 5771 6309 6779 9768 5521 5380 7045 5921 9691 4434 7246 1737 4238 276 531 7990 7688 2232 4783 6418 3656 5404 9227 388 1119 2388 9222 8109 4744 9336 7469 516 5646 4248 6636 1167 5980 33 3440 5671 4468 7039 3760 5058 7315 4291 3048 1355 6524 4183 7773 6532 9587 3353 3272 706 5741 2494 8815 486 8183 2636 7354 3829 6885 342 1348 9217 376 4789 1241 1196 1828 5001 6254 5495 9293 9302 3202 2169 3485 7327 5053 3072 680 8326 130 6422 820 5298 3260 9003 7934 6966 9184 1171 3660 533 389 
4036 1674 1630 5232 9854 2983 1486 5349 2276 7140 4903 797 625 2230 5851 49 2911 4177 6532 5685 1349 1830 5297 6705 6116 8615 5889 7288 2275 2774 4029 6312 800 2011 7896 654 4994 9383 2355 3623 2875 7258 4420 3501 9489 6623 9902 2400 800 2786 4437 8502 4616 9734 1559 733 8349 7448 4373 6976 6575 8402 3288 7375 413 1185 4382 5407 6920 6737 9030 9795 3996 9803 9648 9837 6426 5903 8589 3579 8689 3026 8433 9658 9112 9992 391 3813 3792 4764 789 367 9518 430 4095 9931 7967 8477 1690 1239 
1566 7073 1034 1914 3228 7035 1751 9654 9290 340 9585 7979 9718 8018 7637 8830 8010 4380 2643 1803 5496 9785 2170 5014 215 2617 1297 4534 7446 9340 5773 9013 2765 3159 927 5993 194 9031 5647 9484 9371 1585 3816 5442 9603 7805 4272 7614 2186 3268 9417 7682 9405 7939 9049 5972 6909 6698 506 4355 6038 6279 9720 5155 9438 7000 1148 5985 6031 3148 1821 1754 4733 5637 7196 4336 3443 7821 1950 1981 7441 7719 6015 6846 2011 1416 2818 5272 8115 3324 9627 505 5955 5700 5661 5393 2700 6809 7730 5083 
9957 9552 3189 1042 5189 6738 5379 4984 4559 3681 6965 8352 7753 2981 5198 6116 4397 4368 1388 8864 4044 7367 9370 9999 3067 1383 1744 2119 8192 9475 7202 4502 9027 392 1896 568 7130 7275 5553 8041 7309 8870 6393 5062 1851 7943 7530 2601 8663 8918 1465 2707 6285 7187 9058 5705 8570 802 7824 3115 6629 5027 3969 2008 1771 5865 2577 5253 9493 4482 9646 3154 3352 6039 4568 1556 334 2098 509 8997 1016 8326 8056 3653 5514 7114 9358 436 4268 7183 9903 898 8562 224 9258 6685 2442 8187 8290 8287 
2669 7936 1441 2374 3975 6009 3930 661 8107 4439 9658 5475 9117 7714 9128 983 1180 8487 7772 5448 2022 7675 2698 6936 4252 1957 9973 6694 144 8263 1333 2814 6199 2774 5188 6526 8783 5470 7187 3242 6261 3197 8717 5378 7263 7845 6362 8443 2684 4134 3891 1058 8161 6590 4346 8765 8547 4319 5459 5043 2582 3144 7857 8781 5918 9397 5307 1053 1219 8846 4295 7480 2043 3012 9211 9306 7210 1925 7749 6246 2411 7993 3657 572 4583 8003 9338 9482 2323 1149 4525 4905 4294 8735 39 6564 4484 5346 7618 5704 
545 1913 9536 2588 1278 8747 8247 4840 7024 5996 7438 9435 341 1095  8 1276 9099 5698 758 7774 3199 1636 2679 7493 6723 9070 4058 1207 4417 8028 6911 4962 6293 2800 3902 7571 7899 2149 8763 4924 4498 6202 4359 4839 3649 719 6116 2748 6417 3226 522 9617 4862 9554 3462 1585 8624 3872 2793 9393 1900 6056 707 8194 5208 962 2117 3108 3111 881 8032 3961 3435 8743 8801 7084 9463 1269 6185 5880 4495 3059 1849 9358 8965 5312 7295 3942 9184 6440 9687 7437 8849 395 5631 4057 7709 7748 7165 820 
8629 1549 1134 8416 293 9935 5501 9756 1204 1686 1988 5699 1097 190 1409 63 1854 5057 4005 7390 1497 3692 4827 346 439 458 756 8148 8207 4273 5321 3188 5823 6455 1605 2468 2742 3458 8576 298 1496 6916 2349 2593 7106 3759 9008 5312 5168 3013 2703 6665 3058 7530 3364 9849 7989 4120 4350 2548 4745 9671 5736 6920 2478 3693 9388 1572 3503 4316 1870 4999 1233 4219 3945 4691 4330 2953  4 9498 2319 9059 2516 1729 6589 5880 1578 930 6352 5928 3478 1097 1951 5567 8018 781 5612 3758 2353 9116 
8075 4223 4115 5660 4795 4412 6703 9125 7366 3059 4976 6037 2118 7492 7766 8708 9724 9344 9638 6076 1625 9469 3525 3576 5036 7895 4358 7000 1654 6711 6116 6081 7287 6584 1741 2082 996 4796 7559 4714 7856 2535 7103 9974 27 4869 5034 9751 566 1025 2179 2191 494 2057 2119 1882 9952 2829 8882 1606 5893 4999 7687 3180 7935 5780 1614 5283 6929 9173 9998 4785 8061 7101 1111 8088 8323 6146 4192 5241 7171 2723 7432 4017 4780 5903 5899 4733 8733 1133 2691 4626 6132 6731 4158 419 8863 5772 5703 5792 
1297 5701 6929 9358 9154 8041 3799 3829 539 4343 9070 7710 7066 2854 8079 8199 8758 330 2932 3843 1463 1975 4821 7596 8706 8979 4367 7570 1103 70 3362 2400 2123 6644 8111 7630 4685 1910 1459 5224 2605 6882 9286 9671 9736 7365 7870 4846 7695 7154 5041 5510 9130 9862 9458 4188 5193 3826 1758 6296 3896 1473 5049 6020 8117 3160  2 9154 1422 1461 4378 4027 8343 16 50 4432 3733 4273 9278 7780 7779 4320 3290 3261 534 2749 7450 5728 6575 5560 2024 6823 7033 3425 9195 1502 2937 9197 656 711 
7011 1386 4738 5354 7754 1141 6138 1487 1766 5417 9267 9545 6089 2558 2807 6623 1659 257 2351 8234 5817 728 5057 9203 505 605 705 3443 9802 7714 4154 6813 5452 5245 8520 3207 2738 4658 4694 4504 6427 314 4049 2516 9224 6856 5492 883 3465 7843 9117 9283 4923 526 4838 5429 1131 1895 8872 7286 9609 9378 4099 1414 975 2619 4621 3713 3630 5667 8217 57 5981 8619 8926 5205 5475 4418 2440 5293 8613 1557 928 3537 8436 5766 5318 5919 7661 542 3205 3623 9920 3657 5037 896 2628 6010 961 6258 
1677 9179 2668 4011 7798 1594 5568 9625 2364 8009 1270 977 5918 2198 866 706 7964 2536 6626 5626 3078 6183 9249 9351 9840 638 6599 2469 6648 7560 8727 4677 3091 7747 5040 7241 9341 6961 6867 8057 4970 4489 9035 7240 6688 6253 7947 4652 8790 925 6630 1868 7108 2231 1219 6949 2869 7818 9418 5869 1731 4497 6899 4822 2245 8291 2064 7938 5252 5283 5996 222 9772 1383 3815 6460 7636 1762 7465 2778 9039 4095 999 6147 6327 8570 3096 5548 2741 8866 7770 4472 3364 4669 5646 5609 9312 7710 3547 4565 
9345 5895 1139 5470 7278 4954 1930 1267 3068 5747 4045 2107 9843 1396 8255 2522 9967 7703 4422 2708 6570 2192 7180 6286 3213 9178 8247 2526 6889 8146 3443 2586 4042 4582 8056 1320 9537 6339 8939 8957 2086 2985 1065 8281 4381 5672 803 700 3375 1578 3408 6297 3770 6940 8935 3336 6119 7182 2214 9360 5329 5657 1946 9371 239  3 7043 6128 6342 5983 5086 8428 5320 2503 6710 6053 8175 3865 6754 7902 5443 6514 552 5566 3455 9487 5254 5926 6670 3820 5286 8351 9477 3584 7722 6068 3587 1117 8549 6281 
3452 3635 1062 5124 2490 4124 1178 665 7989 4284 4919 9785 798 1823 5351 605 1311 6957 2883 4333 777 8169 2684 6606 8106 6758 2674 8045 7875 7575 4327 7680 7562 1741 2804 52 5865 3982 7069 3854 4618 8341 9991 1769 164 1694 2374 1475 8651 5258 2160 9428 9779 4844 2386 7885 1602 1413 2283 5830 8988 6610 3510 6551 8351 2666 6603 568 3001 3673 774 7619 2014 766 9388 8530 2460 8115 6358 1112 3373 8518 6892 9504 3363 5631 3742 1317 7044 6025 3499 6032 8987 3361 2583 3690 6028 5539 4258 9029 
5564 5032 6648 3930 5798 2389 2460 8259 504 8818 5723 229 7337 8967 9733 7052 950 3475 8369 7994 5852 8221 4027 4839 1582 2962 8529 7610 8501 2787 2991 4065 7820 5992 7995 9970 8381 6808 4581 5237 5626 6656 5466 9315 5624 1551 6367 2926 1379 1089 921 7231 9310 4948 2071 7244 4262 6952 4855 2764 6092 4198 3181 264 190 7529 234 4923 4337 4816 160 9963 7824 5626 9279 9800 7178 1998 2727 8557 3087 3648 2140 8749 4948 563 5994 9210 7516 7201 1974 9960 1399 1508 224 1590 9037 6810 6513 3374 
7978 6674 9689 5803 8652 5320 5603 2182 7319 8330 739 6758 1978 2880 5508 6926 3443 1502 2489 7311 8703 815 7271 6454 2323 7495 8044 1360 4306 910 1086 2284 3936 776 4439 8940 2448 43 1123 9767 8373 1862 2878 6704 1094 8386 9982 890 6240 2471 8201 1295 3287 5473 7749 1962 9320 2146 3323 9978 9408 761 8615 3344 7889 3054 2284 338 3097 3407 6457 7823 1622 9335 4527 2716 7721 861 3606 313 9685 8160 1608 9324 9985 5710 1286 9305 7856 961 9284 7264 1723 7899 6960 9612 7305 5596 6302 403 
5356 2760 8226 6978 2095 9105 6046 6169 6318 6005 6482 6003 4165 4443 5327 4150 153 2966 9807 8009 3927 5443 1625 2002 9694 4937 7967 7000 533 4269 7403 5889 7029 1981 9219 5477 7438 1618 1646 3756 7623 4480 9760 8140 8923 1439 8642 9076 4405 8449 3437 8333 245 5062 6687 9939 9999 4654 6939 6885 5276 694 9126 8657 2675 4698 4134 6465 6316 2132 222 291 6613 9982 8431 5536 1421 7073 4613 2179 1874 4402 512 8471 9465 3551 8411 5816 8206 1702 2701 9834 2397 8180 8491 1424 2878 2626 7890 9194 
1110 8112 9485 7723 4446 4268 9612 2219 7693 577 4398 5919 4979 1262 4391 4444 4814 2802 6613 9372 4504 5666 5558 3253 3846 4049 4678 6724 3027 8920 2270 4138 7032 1755 8213 7830 2375 7825 6401 68 8402 7152 5988 3382 8414 379 4178 9580 9533 791 5304 4037 6458 862 7291 6656 4912 8321 3381 4291 7241 5651 4781 625 3759 2995 4807 6134 820 1208 2555 5575 8360 8543 5309 3127 5274 9487 2707 4807 6631 4364 5196 9441 5226 8839 6097 6490 7160 5830 7134 753 1482 1915 1378 1593 4910 2537 4079 2083 
18604
