100
2236 2489 8341 7080 6718 4456 8692 7881 5903 9644 5019 9763 6420 5736 4899 8178 8811 616 6785 9447 7877 9834 6793 7133 5218 5949 3972 7576 3851 3744 9764 6087 6233 4457 3167 2951 5265 8212 7185 7520 4208 2204 7283 628 4292 8534 5158 3103 9150 8296 8902 7028 4482 2047 513 9700 7997 4486 3629 1848 8230 9745 4287 815 4203 3807 3767 5820 2019 7304 3341 6227 9508 6976 3208 152 5511 4718 9608 4661 3014 8510 8041 3849 558 8555 9901 4907 3041 3530 6755 7623 3276 7394 8438 3831 1201 8557 6003 3220 
5861 9344 5800 1721 6321 5360 1874 1832 78 1482 2845 9445 6344 887 9646 6902 5794 9547 1809 5187 9430 4916 9162 9058 2311 7600 2889 9864 6158 8892 3085 8371 4589 5237 93 7262 6949 8319 9094 3379 6153 8291 9176 2497 5530 8822 5752 1324 4722 7561 2863 4152 8830 2025 3210 7493 5978 2451 7357 2136 1343 6794 6859 2284 2031 6952 9546 5332 1623 4992 8712 7776 3284 7888 274 8814 3063 6026 6491 7785 9939 5706 1937 5121 7732 5147 2614 3710 3950 9972 2198 5293 6766 9057 3930 5150 2362 3476 482 3985 
8469 9194 8114 1753 3435 4740 6919 2850 7118 9762 635 7057 5469 8924 8531 9553 423 1145 3263 4373 1117 1813 6018 7884 7222 9948 3034 5936 3425 9868 9922 8246 5415 4388 9999 8850 9128 3270 8052 6246 3033 8687 9655 8502 7611 8186 4407 4386 9332 7670 8759 6801 5835 4777 4685 3057 4726 4071 5346 4503 3940 1620 2749 9355 6008 9100 4557 5136 2370 2609 1382 1755 7648 7389 6609 1611 5576 1016 5997 1260 5038 1108 8061 873 5885 2747 283 6963 3170 5629 1466 3462 7249 4215 2817 9609 3315 3726 4745 2038 
2687 2479 3793 335 9868 403 8298 1796 1419 4295 3056 2810 5403 1118 3683 7641 217 318 4604 9739 5947 2423 3202 9548 6638 2371 9157 6306 6098 254 4696 5137 9085 8489 1825 5306 5244 123 7102 3016 771 6511 5826 2526 3981 5861 167 550 6180 1124 289 8479 3547 9843 4380 6537 2215 3537 2843 4665 144 3891 9802 9229 2381 7979 4535 3977 8103 7990 6993 8874 4501 9171 1400 4834 5033 7920 5384 7565 9044 2025 6044 8943 1869 424 5480 436 314 4676 5101 6810 8567 1255 6039 7300 9235 6927 1278 3690 
1269 4623 8916 5770 147 6668 6956 5180 4588 2340 9097 9984 4365 5141 8927 2586 1918 760 3022 8584 5436 4475 5394 355 5731 7785 7656 1318 4712 5286 5008 5981 9909 276 8103 56 6944 5059 1588 1533 3751 685 7869 4469 2179 3149 7055 4097 3909 6430 2681 5697 905 8075 6052 2988 5860 60 4306 6925 5346 5666 9258 5256 5942 7362 1664 2887 8773 3253 772 2525 290 4993 6994 2469 8142 401 6566 8403 6831 5599 4100 4089 26 6505 7077 2239 6565 1384 9164 1912 3402 8422 7168 5697 2136 8832 8584 910 
8437 5708 9787 8728 701 3133 1197 5196 3534 4116 3599 6718 6067 7700 807 6094 4205 7884 8333 770 5620 3849 2682 5375 8623 6202 1072 760 1387 6008 8022 6176 1716 4161 4904 8769 3646 2454 3965 7180 2922 7565 250 8989 5265 7409 1435 5822 5294 9768 2944 7266 9969 5627 2641 8593 8181 3713 5705 9568 9721 79 5745 7789 4240 7001 6559 7886 5807 524 1418 8729 4441 8021 4071 6058 5430 5506 1880 7076 1627 4825 4343 1596 6804 3336 189 4985 3402 2246 906 9475 2325 3003 7265 2917 6356 176 7155 2164 
7052 8574 7245 1494 2947 7668 7552 8377 3175 5785 1806 1154 610 2501 2750 3766 5837 9292 5103 5591 1538 2361 5067 3864 5364 8684 6781 8073 8860 289 6589 5912 5215 186 3758 8162 7855 1311 2891 7382 7096 4697 8536 4058 7198 7638 7824 9388 6930 9279 4979 4821 1641 6398 5037 3357 5082 8170 1430 294 8459 4371 2559 3674 4558 6317 1836 2413 7628 4728 6147 1076 9425 4683 5134 2976 8673 9310 2364 1956 8590 3695 6777 231 6446 1814 9940 1528 9984 1371 8175 8444 5742 734 2118 6652 7051 307 9065 1032 
5035 1564 2108 812 2599 3595 140 1273 9257 8856 3229 7847 2552 6358 4430 8998 8172 4371 6878 4508 2094 1405 2952 4188 2139 1423 841 5543 1730 6258 6575 3117 7823 5035 281 422 8630 422 8047 7888 9278 1276 2087 8182 7634 2870 3532 2158 7241 411 6667 5687 1816 5971 9875 308 3746 7068 5851 5476 9679 2426 4945 7502 3813 5227 4276 2444 2001 2324 6684 1279 9952 5123 9462 3939 7993 2994 2449 5234 9757 9116 7273 7926 1440 3501 8234 5186 569 437 7015 6600 2863 1960 454 3028 3539 4731 5472 5540 
3407 8508 3172 3359 3632 8986 3650 1625 8332 6100 3212 8090 1568 485 2368 3008 338 602 4547 7260 1039 1562 3860 254 9874 4315 3282 9766 9046 5107 1658 8805 9967 4830 8516 3599 3816 2167 1577 2149 4619 4789 6591 6187 1626 8959 5548 1965 5913 95 9225 3304 8009 9437 3558 4235 3752 3192 4001 9150 4651 2012 7955 4619 6842 2824 8218 7011 4991 6147 5512 5962 7288 8455 2149 8915 7414 4049 7232 3327 496 2809 6631 8505 2246 6541 9093 5999 6085 9446 1501 737 1458 5809 5356 8301 8633 9926 1664 3624 
6074 3528 5938 3362 1983 8087 8629 9397 8489 2213 9076 8985 5022 2059 3843 7269 4952 2936 9620 1037 2382 1121 8126 3841 6930 3482 8494 5563 9761 6510 5539 2187 38 1477 1901 8373 5917 531 4122 4406 2744 3198 9743 4119 1609 3586 1388 2913 2874 7360 302 5257 8481 8429 5450 1764 1911 296 7327 1672 3158 9219 211 3196 7048 2113 1569 2965 2644 5691 3723 1740 5241 9819 5859 3202 9757 3599 6115 2632 959 6417 4241 9441 4846 6043 7557 3110 6339 1236 1134 5849 455 1346 9045 3856 3459 6966 3173 2455 
9009 3249 547 602 3068 2759 3804 2825 6358 6271 1809 7318 9040 2402 3111 239 8445 668 9701 1136 8256 835 6985 8712 8533 2382 2568 8344 9348 5741 799 4709 5342 7699 5311 8410 458 5467 7588 6816 8090 9397 486 7131 1800 9949 3722 6597 6969 3423 4086 5226 610 1071 3938 9144 3454 2858 3840 9154 4951 4640 216 294 8691 5527 5056 9149 7347 2644 2317 5437 8394 2804 8920 6546 9105 2642 9495 6075 2417 3581 1301 3028 4653 1591 8524 4459 801 2364 9965 2104 3356 181 8750 8399 2061 3807 7548 9408 
2803 9866 4845 1197 9022 3766 4095 8127 2760 3591 4202 5178 7172 1855 4558 8177 3446 9434 2636 4247 8150 8954 6352 1507 9135 5102 9906 1196 5261 3807 6956 8065 25 1802 5614 5399 1920 9710 9878 4680 9653 433 9858 6825 2288 768 5003 5735 202 3991 6334 8353 2945 9038 6212 8433 4141 2470 5981 5754 2629 2938 3819 2654 4740 9434 8053 3012 5496 4284 7692 1501 4717 3903 8326 7005 4671 9681 9092 1226 25 5427 9579 9322 4465 2143 7755 4958 4613 3737 713 7243 6675 884 6249 7767 6670 655 779 8518 
4939 4823 19 9656 8726 4698 3013 9750 731 2106 976 756 3885 555 79 4702 9050 4186 6013 15 7923 6726 7258 950 3962 9860 5069 633 515 2200 9151 5454 7024 9171 1462 5750 221 4475 5500 952 2933 6476 1709 6818 3383 8140 1521 8785 2326 7534 8801 6602 612 6059 7552 4574 2271 8974 1559 2786 1174 7063 4592 8198 2586 6054 301 2807 6882 5801 3759 9815 8630 5468 6634 8365 9960 4507 7151 2287 8393 5952 8889 5357 8363 2793 6283 635 1767 7843 3421 2942 1258 4366 1140 3844 420 1441 6651 7302 
3595 410 3470 8577 2231 6456 6942 2191 7315 4093 830 5708 6397 9719 7417 4761 8865 3700 5396 632 7895 5169 9926 5505 9535 1067 9349 6308 8860 6000 9962 8807 2763 3432 7384 4994 6240 679 3537 3555 4772 4368 5615 7522 439 3032 2283 9304 3085 4031 9937 7332 5552 9863 2838 5088 7282 2187 1396 2495 4540 7710 7654 7303 1143 5039 8649 7383 5718 2186 7291 6842 2906 2906 716 3346 2291 2999 9002 5376 3382 8939 9060 8935 5155 8250 375 8789 6790 8123 7636 1330 5833 5291 4985 3328 6682 9986 7064 8752 
2172 4355 1946 1431 7261 2663 1129 5904 2014 131 7632 5397 5423 6693 684 6930 4943 1059 5719 8085 9182 9708 9415 5015 4999 752 8344 8033 738 5408 3137 9263 6115 5083 694 9728 4098 1823 5633 6113 1954 3265 7862 3729 9958 8546 659 1254 9605 6379 9339 8787 2439 5107 154 3790 2211 8498 1823 2950 258 4960 2213 6373 6395 9259 6102 6846 1082 1735 9311 9388 1352 7173 3118 7663 2071 129 8917 1676 6508 4608 6815 8947 6067 6969 2737 8279 1820 912 1229 8430 2224 9794 4804 4972 9053 7258 1818 6487 
5345 1129 2227 6697 4654 1697 4360 6725 1827 9629 4753 4687 590 1568 9987 6657 4889 9076 1288 3061 9989 8869 1492 8565 8663 2648 3537 4068 9906 1707 6907 5251 9188 9135 8300 3842 7184 2661 6919 9011 8642 1672 51 9232 9592 38 2242 834 9114 9882 3895 5455 8752 5387 4021 3767 8035 3910 7836 4293 5618 1095 9544 4806 230 4197 5001 3767 3210 1920 2778 1852 3593 2829 7437 9537 9219 9679 371 8334 5913 4267 3789 4665 6006 4162 8433 4042 8073 2621 8335 43 3716 4232 1201 299 8429 6202 4066 7991 
8123 6844 9843 8068 6026 3632 7605 5245 9663 7977 9931 5577 8596 3721 242 4602 4235 5027 4996 2308 7648 9684 8703 7717 3916 9905 8016 8697 6107 2082 3040 582 5278 2883 8650 7656 2868 2608 9254 2531 6937 9185 8108 1885 9258 4703 6487 3494 9730 7836 2154 3731 7520 858 1448 7788 7115 9464 2837 3222 7898 5877 157 3176 5112 5159 7185 7980 7767 6439 512 1056 5624 4972 2941 1235 9675 5781 4729 9406 9969 3235 3137 7489 445 937 1629 7560 401 4466 7135 4651 343 7292 7827 1807 2451 1364 9788 6571 
7803 6652 3979 9780 1624 3273 1015 1300 9054 2096 7058 9023 5331 6547 2864 5777 7484 4493 9689 7885 8959 6824 2536 5654 468 6715 7461 2920 4432 3601 5843 2235 253 6174 8367 8230 9447 5734 9530 4853 7830 2940 228 9514 9487 3092 1643 6971 3937 1332 1208 9248 4509 96 1254 4977 3163 8716 4249 7595 8669 92 6183 5275 2619 902 3505 2066 6637 9387 6920 4467 2327 7148 333 8166 6593 1976 1489 530 9661 2697 6131 4170 9145 7385 9147 2308 2453 3397 6256 1123 9841 2439 6398 2460 3341 6255 879 6330 
5642 7799 7150 4321 1299 7483 8839 4244 5812 328 1127 5473 3025 7258 5995 2170 4643 5142 830 7097 4891 7086 8220 1085 5877 970 9897 5571 3577 776 1901 9219 4927 9051 9892 2579 2887 8731 6823 8699 9059 7950 524 8436 1560 6519 6958 6204 8013 7788 3301 9257 1227 7873 342 3456 5195 6591 9027 8772 7368 7281 4343 8647 2684 4235 7578 5571 9318 754 622 8377 8704 7498 3165 265 4017 123 2821 8383 4263 2474 7640 5490 347 4334 8947 5542 925 4326 666 4645 1607 5009 9645 644 9244 7223 2567 4914 
7977 3190 3291 3034 7040 2808 9651 7410 2931 2472 5793 7194 4946 9785 9037 1645 4119 4336 3539 5044 5014 4205 6042 2974 9214 5687 3618 4810 2910 6185 9724 888 5727 9367 3922 2768 2175 9925 178 1458 2397 5971 5004 3695 5756 393 5340 6227 4729 8879 7623 6096 9436 3665 9070 5002 9352 2688 6164 2263 5225 2240 9503 953 1607 9777 3721 134 9702 3899 7944 8451 6222 2948 2146 8330 3342 3838 909 4423 9069 8532 6871 8505 2198 5941 3507 1550 4981 9671 165 207 1911 6020 1160 9870 5797 4881 6356 1851 
5132 652 302 7706 3600 8800 6036 3294 2638 6945 4070 1707 1829 941 6564 4027 3235 6423 1930 8216 2446 2095 8423 709 4468 9583 579 265 816 3287 8469 5948 291 5123  6 244 3924 6042 3538 2914 9339 3960 974 7521 1254 3890 1548 4489 314 3478 2705 2760 1926 1129 3470 6394 7064 401 3011 7881 41 1480 181 332 2956 188 576 3232 2582 467 6146 8274 779 3472 5795 2033 3715 7343 2874 4029 7174 5580 3141 9100 3061 6611 1846 6477 3365 4857 4358 3406 2690 892 90 5646 1080 667 8878 14 
7486 1376 8288 8265 1201 435 299 4916 7779 9525 5297 1305 5105 8438 6757 4518 1402 8603 7348 4767 3460 8058 4525 2502 8950 967 8148 6382 7986 7026 6397 5472 4755 1037 3738 5956 1473 389 7224 9252 9914 2521 6909 1372 959 3666 2242 2361 2269 9590 3480 2081 7649 4357 4584 2951 5325 9084 9334 3311 2463 5731 8784 7218 6768 8874 9526 8241 5615 6750 3845 1881 9271 7106 9605 6582 772 8200 5296 9393 7790 5128 1475 1791 9486 2411 4743 1163 1495 4077 4474 3958 6160 9610 7528 9280 4836 7054 3874 6803 
3804 4071 8685 9427 1178 4642 6010 1950 2842 1306 7696 6985 2786 9171 8776 2272 7934 9871 3435 5781 3948 4262 6092 6460 224 3620 5741 1413 675 5967 8216 831 38 3253 259 1216 7896 2621 3167 7090 279 7215 4075 3065 6386 9204 1690 672 9075 1477 6453 9376 5739 8897 5836 2316 2518 7929 3729 9545 3896 8297 376 3935 7903 6987 1503 5799 5960 1022 9241 6239 8237 9669 5657 975 8873 7347 1647 7948 8824 4453 3676 916 3350 9513 9584 2220 3794 9665 1765 4043 7962 8494 4330 5865 1833 5833 8016 4146 
6856 3610 385 5093 3279 2394 6069 2152 9741 4068 6452 4918 4873 129 2186 4576 5994 8122 6796 9788 7787 4914 183 2101 9760 4513 4319 7945 347 8687 2091 7203 2297 8829 8648 5576 1223 4717 4080 7317 5138 6885 8587 11 7014 7125 4587 3008 5247 7736 9148 9386 2650 9332 1487 8762 3845 2158 6707 544 846 5151 7747 3143 3980 2748 5072 5203 3817 5504 2520 8955 2389 7459 8967 9403 4584 9906 8763 9831 7642 4264 9217 6644 9948 7057 5406 145 9215 8466 690 6413 3617 4789 5909 7597 7537 981 9152 1355 
2837 8025 6662 5227 5484 1981 982 69 1888 6098 9900 9530 362 5470 2527 6662 8879 4285 6807 4446 2751 3849 860 6368 4991 6769 317 8880 4102 9470 6587 6939 7495 3250 2166 9331 5231 3149 9400 3471 9247 5653 3002 5961 7475 1881 2623 6354 6166 5782 800 8918 5984 1660 1638 975 4781 8308 6207 8883 4130 2795 5823 7977 2397 4341 7308 7628 7490 6709 1100 3089 8714 454 5402 6189 2335 4377 2543 4853 160 9695 123 2496 7708 1762 9823 2489 6422 6030 7725 552 8825 3548 8529 1222 7889 5837 5203 1732 
8898 2655 1173 7612 3109 2928 3801 1796 7305 2696 3001 3817 2392 3125 6313 6452 1239 6136 8941 7661 8519 6666 8213 3696 6566 3094 4919 808 8931 6474 8892 4182 9129 6417 1794 8590 9345 1948 6738 6651 4644 9739 6820 3388 2864 9486 9840 455 5622 5134 8116 493 1800 2681 4190 4719 5775 5461 1879 1059 1935 771 5241 7416 7188 3387 2358 2886 5335 9096 5889 9980 8835 2709 3368 8052 2195 9561 8507 4170 4695 2976 4663 2847 5657 5205 7566 7785 666 9445 8844 8953 6568 437 2721 109 3824 5079 2995 9160 
527 8884 5492 5715 7945 8860 3767 6493 4773 8626 663 9468 7954 1678 2316 3612 6884 6234 1397 3902 2032 6593 9208 8600 7030 8281 8709 854 3361 8056 6366 3888 3292 1858 9603 1238 7071 9722 7731 1844 4701 4746 1313 2655 6424 9981 6267 9660 6215 4016 9915 8247 6961 5475 3200 3991 3756 8261 1198 3469 6318 7564 7358 9610 5775 3313 7200 2846 9388 1283 4690 4089 2381 2355 6744 8806 2336 9364 4818 4904 9732 1085 9503 6694 6560 2703 7037 317 965 8235 3786 3635 2152 7496 9597 7927 7162 3150 7125 6550 
4433 1815 639 6815 4171 3735 1973 2859 9451 3143 7763 9184 4229 3619 2230 789 6322 9267 7458 3639 3855 7597 7274 6007 5093 6872 286 2255 6374 7411 5157 807 5578 2148 3974 6101 5884 2299 8961 5335 5443 3076 871 9672 6695 3101 6813 9370 2369 624 3009 6224 8221 6636 8583 9666 9860 5221 8274 6234 8984 3431 3393 4562 5580 7368 7016 7816 9667 5977 9503 1462 5405 375 1134 8453 3476 4300 4175 2197 1276 3536 4773 5849 172 3356 5515 6384 4929 141 2618 3913 9925 2364 8476 1857 9732 5492 9673 5751 
7821 9176 7214 9578 5903 4700 4383 5732 5352 8558 7929 6628 2095 9055 2477 8619 8763 4345 5004 3693 4486 3974 7606 763 6338 6082 2620 2422 7926 8645 4526 2099 4174 1740 1678 77 2792 6061 5809 8145 972 91 1125 3067 9146 3603 1686 7909 4300 6690 1602 5138 7017 5561 5902 3355 7995 8522 2130 5922 7168 6656 4373 1342 4748 2403 7771 7540 4817 9933 2037 5789 24 3163 8856 5522 3118 6894 9783 7418 9937 7738 8908 6954 3299 4810 6661 1294 9685 5143 3568 6853 1799 7942 4547 2899 345 8670 440 5162 
8603 8829 7303 8627 8344 2511 501 1462 9406 285 5232 9343 8023 4141 2649 7674 8951 5662 8968 8636 806 8889 1841 8957 3183 2740 1857 9880 1411 8649 5043 6366 7478 8698 4994 5823 1210 1847 3637 616 2132 8870 6311 6507 9363 5312 4181 4666 974 9502 9655 8132 4743 7848 7090 7926 589 8947 7806 8352 7596 9201 4718 1426 7900 6064 7249 9110 7912 7239 6078 6396 6109 8741 2904 1824 405 3437 6490 7731 2939 6145 5864 7682 3994 2954 1960 935 8253 9767 9287 5849 5320 357 3627 9572 2774 7229 8682 686 
4468 1112 7082 6929 6205 6338 8753 6610 9776 1595 4342 9067 7741 206 3102 1735 9512 5062 9022 7765 1181 4661 9966 2854 5018 9945 2426 7792 7174 1109 4830 1642 8573 8265 4923 1131 4603 28 7741 731 1624 8435 9799 9365 4993 9253 7452 857 667 6474 8622 1849 1135 4940 4703 2505 4886 7129 6650 2060 4590 1480 55 9516 6097 1330 647 7053 1359 4740 7784 2983 9528 3935 8700 873 3188 2504 1731 3856 5330 353 2057 2817 1646 3112 5322 6532 241 8324 4944 1184 6157 1351 7052 2254 9034 7699 9307 393 
8791 3444 9728 4671 7379 4780 5545 6920 7284 7276 776 8966 3981 9185 1783 5627 2297 3457 8511 8890 1782 9808 74 7939 7511 3478 6545 6545 7529 5853 6938 6321 9297 3018 992 3028 7798 6537 9948 1434 165 7076 400 4147 6261 2183 6126 8558 5641 990 3801 3775 798 227 8066 8309 3706 4611 4855 1235 6816 8145 3908 6113 7516 4901 5494 5314 7790 5442 6749 4308 2519 3501 8455 5132 5685 933 43 7678 1923 3844 7805 9073 4071 5871 3735 4129 482 4942 5365 7299 9439 9273 9764 6955 526 5258 2270 8317 
7053 5371 8977 5924 8872 3784 1056 909 4717 7451 4939 2993 1295 2744 2066 1719 8615 2153 5848 5450 7095 1213 9101 6535 6839 8865 3490 7365 476 2112 2034 3881 3835 1011 9805 9060 4795 7213 6321 5865 4665 1261 8858 2312 357 7276 383 5325 9430 6232 775 2877 3797 9876 9412 636 5093 9255 4354 1921 7719 6388 2154 1555 3752 1959 615 8547 5525 6936 764 6542 4549 9622 8854 4907 3251 9238 232 2681 1822 7359 1910 5619 3587 7675 2608 5032 6930 6962 3306 4649 9702 5460 2556 3454 3772 9523 8354 9297 
2812 9118 5839 7361 5093 1045 8620 8344 6635 5204 7377 4809 8915 9287 6781 2502 6962 9389 7535 244 2703 7193 1246 2405 2653 154 2212 6425 9678 566 5722 8842 9684 7913 2555 1129 5311 1176 5825 8298 2732 3202 3108 1648 8842 9889 502 2156 5630 4389 8753 8333 1582 9999 738 4236 153 2950 661 6183 9868 2736 5025 5905 7001 7581 7034 2312 5109 2860 611 7841 2414 71 5841 7608 9960 6344 9765 5590 733 8518 275 2316 4869 7365 2904 1374 6668 3565 3910 6536 6301 5287 2441 3303 2868 9476 1967 4329 
8688 8930 8523 1102 9001 4364 8711 5313 708 4828 7255 7794 9698 7530 6462 919 4896 9366 8645 1564 2931 2555 8100 5585 7843 6894 5240 7063 2722 3559 1393 1410 2490 9916 8864 7843 632 3927 3157 7693 8755 412 5487 4805 4295 1949 5724 9191 1315 4370 755 598 6925 5207 2535 1120 2101 7775 8184 4823 7687 5929 2585 177 2197 1450 8020 2829 5377 7529 522 485 4294 6009 5290 8589 4310 1015 7780 1977 1737 4887 2576 5014 94 1463 6135 8548 5591 671 9723 3278 6600 8661 3455 8797 111 7827 7978 1840 
5357 8501 8677 9651 862 3968 8240 5173 1335 2372 7150 9424 7259 6078 4438 3705 3894 6925 8605 9485 7596 4681 2763 548 3342 2570 9345 3453 397 7324 1645 2106 2177 323 1757 3039 643 6349 8212 8330 5073 1715 7754 8684 4145 2192 8742 8039 9118 7347 3876 6714 2028 6639 7263 1722 9209 2960 5175 9607 6636 3173 1713 8813 9848 9823 1853 491 2524 6417 8821 3950 4484 6575 2634 4982 5119 1376 9373 4237 5076 3250 7304 3456 9889 919 5179 9099 231 6706 5058 6868 9879 3123 2033 9727 9298 238 6570 8175 
6656 5391 2125 7492 8318 1111 2474 3438 8840 1848 4027 3916 5098 7683 3724 1339 4954 8903 6790 5186 1962 8200 8406 1841 7676 439 7921 6974 678 4491 1501 3686 6235 9978 7530 905 1090  5 4343 9930 8205 4723 198 9655 2406 3922 994 7361 9178 4137 8899 1140 2337 7305 2981 13 7744 7254 3340 4774 8098 4841 4812 685 4820 2343 1590 2262 2348 5934 2192 6905 7009 8742 2912 9415 2664 258 3128 1842 4395 2027 9334 3085 9332 2316 9450 3429 5922 2790 4555 372 3984 9368 1057 5156 1711 2648 7418 411 
4934 5962 7316 1943 1056 228 7710 3720 486 7191 1915 1234 9218 1249 4319 4903 9917 3769 4684 2192 2912 9239 2564 3248 8607 3622 8404 318 2622 2174 7081 7556 4488 749 5851 5544 7329 9913 5616 4168 7104 7531 5402 2675 5133 6073 3930 5050 6194 8614 3594 9106 7853 6159 8706 2813 6133 7110 9483 8755 5636 6565 2663 6476 7314 8514 8372 4644 4779 3989 8812 8236 7872 566 911 3005 6639 1193 4408 2833 9807 8002 8292 4012 4161 6998 3177 294 461 2661 5401 2449 9226 8064 8926 2892 2930 7298 7536 7710 
1287 2700 5946 9160 3266 3209 8517 6257 754 2925 9091 6913 7280 3735 925 7793 733 455 4440 1194 3116 9841 9996 2342 7906 8922 1586 7188 2572 9123 4898 3860 8175 7196 9372 7794 6757 4241 4051 7511 3519 9494 4424 799 3229 1702 4944 3963 2157 9384 1509 5273 9226 1505 3967 3484 6779 5553 672 9352 1028 1923 9564 5556 9119 5288 3350 5877 9529 7401 9740 9400 6896 517 199 6477 2219 5144 440 728 880 8302 2353 106 6159 2672 3590 2939 4577 615 8643 1958 2538 8207 7514 1657 3495 864 3886 9376 
4617 9979 8777 7865 496 5328 4343 2715 6824 1135 9795 7705 9437 2148 7811 1949 4820 7754 1240 9397 8369 9883 1355 7259 8090 5221 5268 7937 6085 9155 3665 703 5486 2442 4920 5982 7771 9263 5049 947 399 4844 8652 6188 6992 6464 4489 8164 570 5729 3913 5291 5612 1621 2550 54 6842 7818 4343 9280 3325 8009 6335 8811 6803 1255 4793 926 519 6194 1874 7270 1038 526 3458 4382 3342 7948 2546 3912 29 2812 5555 5642 4433 8105 2048 7627 2276 6392 6907 1953 753 3242 765 7556 4498 1910 8483 1369 
8105 6709 8639 5495 7235 8449 9878 6930 2749 8776 7194 2779 1588 2750 4773 2373 7207 6821  1 5835 9565 6908 7789 318 151 4906 4227 1001 6816 9062 2370 1273 5771 1009 6769 9358 5810 2999 6288 8560 1775 3483 1339 9716 2585 2464 2089 9792 9285 8442 5628 5203 5351 3417 1873 1854 4675 6100 2855 1491 1514 1577 9117 7285 2586 2238 6644 8396 5237 9284 3308 3364 2767 4647 3080 5352 7111 1522 1497 2749 9964 3477 4304 1667 3246 6177 3521 7921 8630 2728 9412 144 4305 4881 7430 3243 7119 426 7992 2356 
9710 1300 5721 8830 2300 5153 534 5763 6675 2031 4864 2992 5508 9168 4659 8754 5346 4533 3027 3976 7261 2440 4120 7919 3673 7902 7514 793 8328 5506 3149 4391 3159 5222 9573 5459 376 107 1222 3403 8491 2439 6395 351 1607 7407 5458 6953 1940 8485 7281 5553 7277 7754 9824 951 5656 7339 1744 337 2845 1245 1080 2356 6468 653 7815 3196 7112 5390 6599 5603 7829 9347 5955 5788 6754 7765 2742 5046 6250 6375 6951 3528 4129 6776 4479 6138 467 2575 6475 9664 3820 3907 2021 6640 4560 9836 9836 1672 
1578 2788 3628 9407 2135 9583 5196 5241 7348 4290 6639 9950 7017 3590 3478 1147 366 4309 3637 7185 6884 6464 6850 7057 371 8871 3697 4931 8707 9886 2955 6638 2674 6583 6045 1161 2518 7593 6402 6218 8235 9393 6169 5253 2983 5999 2752 9702 309 6389 6887 3545 2853 3737 602 9576 2608 652 859 7668 538 3814 4306 3212 398 6703 4373 2916 649 7127 9135 8884 6520 1656 489 5855 7655 9593 5557 7964 2334 2445 7862 1539 2534 8464 1115 5143 9116 1974 2811 9654 2141 3469 9218 2539 172 9943 1807 821 
3422 7294 6058 6294 8950 2899 2150 2958 8845 7707 7274 1179 6504 5136 9071 9039 3601 6538 534 9069 8513 9697 5076 654 3166 646 9545 3338 590 7704 512 4012 1351 2922 6659 6653 2173 8809 9611 1018 2868 6886 8550 5725 2022 7621 1116 1975 4159 1650 7397 9024 1347 8825 6030 4513 9471 1927 4203 61 9632 1067 426 7335 3989 7085 3988 6163 2246 3600 7181 5114 6838 2083 7191 5212 9704 8307 3540 3864 9957 937 9240 7656 9762 5271 2169 9233 7198 2725 5647 3182 3792 6073 517 7782 9510 4506 297 1756 
4458 3830 3222 1296 5914 414 2860 1970 5073 6400 2186 1383 3689 1427 9039 3451 6698 1209 9037 248 286 4684 3431 4078 7109 3948 8212 2971 4806 8509 4727 9264 8692 4301 6912 4606 1067 6125 2928 6141 2525 5115 7524 6215 6542 6563 6018 9592 4124 5055 9840 4410 6091 9623 4841 9552 9924 3053 2523 4730 7915 3602 347 6607 7904 3611 7565 5323 9736 493 7816 8614 5608 5340 4829 8502 8256 7199 8094 8732 8607 4287 9495 4698 262 4336 603 186 7389 3126 1269 1656 6729 7968 8263 985 1579 5828 6308 7668 
2674 4125 6282 8282 5817 7463 6785 425 4662 1231 9158 3269 1870 5005 4320 2133 9341 4923 8671 3082 4401 6292 4739 1130 4260 9354 8467 5840 5183 4776 9860 4209 5253 6142 2491 7422 9957 5628 7848 971 3212 3358 593 1434 8363 4913 9919 4056 6188 8591 3490 589 4883 8229 8072 5496 3936 6539 7688 5471 7667 7548 9680 9272 42 2171 6695 9999 4152 4543 970 3716 7901 1563 5150 2616 2828 5070 6672 5368 13 162 2310 1248 4744 382 6744 5032 3273 4432 503 941 8332 183 6565 8374 8706 3260 4725 2858 
4155 5696 6574 2056 3611 1725 1024 2792 3147 4048 4512 3160 563 6822 4408 5307 7204 1153 339 6830 1937 7194 4123 270 7377 688 8644 6083 3949 3370 8942 8104 5418 1868 6513 5381 9945 3889 4525 3092 7938 9038 6252 8501 5860 7013 160 9417 8166 6851 6247 6455 4045 6722 6725 1422 7410 1722 7505 7711 5092 2799 2168 6862 1020 5033 8595 965 8922 3121 4058 3212 2159 6662 1713 8019 3675 8225 3788 8193 5076 6387 4649 5473 3109 1374 6895 6872 3096 753 4583 4540 9904 3103 7754 924 8136 6350 1890 3411 
9471 2300 6623 1630 8962 4689 6001 8990 2914 6142 7183 4343 2529 1832 9816 5639 9559 3064 2511 9007 3817 3446 3548 3721 6550 7654 4646 1038 4004 2888 801 9827 5188 3777 7809 502 8466 163 9492 7732 6305 3028 2075 8834 4860 8244 825 771 1308 9688 9779 1477 9487 9679 5198 2389 7333 6196 3427 7690 5436 581 3869 624 4358 1679 7479 2824 1842 3323 6908 4499 6351 5336 9685 7564 3580 6863 8335 1240 6551 4466 2717 2390 4145 4267 4779 7831 6816 8207 1873 2252 8788 5742 9229 3146 3773 6708 2322 5615 
31 5582 6466 2735 918 6152 299 850 3015 4986 2090 5918 9453 1159 8309 3598 5427 3088 7781 8595 7647 9654 847 2787 1749 76 2285 5522 3136 959 7490 9520 6542 3956 2255 3812 6460 2554 4663 9475 7540 3105 1746 3345 617 6407 3296 6044 9495 1077 4639 3495 7084 1838 6282 5185 8267 8568 707 1403 9527 8197 923 2421 8506 9530 6234 4966 2084 7249 794 5977 6706 8892 9322 7323 5299 8970 9719 4794 48 710 4641 3484 2549 924 8669 816 5844 5728 8571 1723 278 9495 4145 8784 5377 6731 102 7462 
3980 7248 9791 686 6140 5465 4362 1439 4436 4081 2586 836 4792 7227 4320 7341 4503 9341 4509 347 5069 3080 8423 1699 8927 2568 483 4305 5651 6938 8119 9631 4186 4262 6669 6679 9727 1031 8118 515 5113 7056 7703 6257 636 2023 9950 5139 7716 4459 1839 9138 3891 262 837 9171 9182 7673 3476 4833 4611 7947 816 5149 2209 7485 1828 8288 4869 6299 5156 6334 9707 2859 8943 343 1235 8893 1835 8951 9704 3674 8089 3595 3936 5279 2766 9470 2952 2594 4303 3915 541 5119 9064 9102 8956 7245 7391 177 
9896 2547 6511 5955 5406 5454 6299 6641 699 4486 1945 403 8160 6386 3999 8448 1665 3117 4270 4617 5712 8573 4884 6253 3692 3949 1708 9000 7546 9099 9178 3794 7998 2041 9749 3404 3848 2400 6398 4547 6886 4695 4951 1398 1081 5302 6198 2747 8419 468 3716 483 9041 8601 3089 9085 8902 4797 4438 2800 3896 3616 6594 8246 2009 6343 8002 5857 8744 4400 6757 1982 5447 1708 3381 6529 3362 5931 9276 8133 6400 9344 8617 1793 7945 8058 7231 3199 2855 1669 5999 3103 1637 2593 1349 3646 5289 9351 9504 385 
104 6261 2367 5551 4321 2100 8432 7683 8032 7708 2168 784 3405 785 2577 7702 8843 9808 902 8050 7829 6901 1153 9466 5847 8854 3113 1136 4558 8969 1521 1014 5230 240 6565 5903 2341 1350 9938 6725 5410 2106 7509 8815 9244 6438 6518 4439 2599 7420 2490 428 673 9995 9895 6520 8850 3008 7656 9760 1977 5529 774 3559 5770 3691 9462 4463 5041 9400 7540 452 7858 5049 9267 7102 7839 5785 7894 438 9557 384 867 231 6731 762 6751 1933 122 760 1693 8451 6289 2467 2010 8411 6159 7824 9226 1200 
3576 6766 1652 1434 8167 7272 4889 6007 9409 2783 2797 8967 9519 3664 9198 6250 778 2301 8184 900 3061 9877 5703 5703 8697 7713 466 1208 1889 6045 2408 5465 9163 413 3252 7331 7685 4493 9690 7094 3628 2487 2413 3147 2504 7963 5749 3282 265 285 535 9678 6515 6238 5381 5212 304 2200 6420 8545 8245 5180 363 7408 5593 3615 1091 9630 4460 7133 3077 8088 9621 1842 7587 2125 9806 3336 1759 71 3622 8646 9749 137 1237 1483 5349 7893 35 8121 6438 4632 3301 6801 2040 5247 6768 9484 1229 1228 
6617 658 9316 2590 2501 6903 1067 2307 6592 2827 2378 214 7825 8479 6703 9062 9962 8404 6955 6349 6525 3394 981 6178 6547 3022 7777 3316 8858 9007 4544 5475 9665 213 4418 2166 3468 5485 825 60 4664 3203 6626 2490 8035 3329 1552 7997 1733 4860 4347 4610 8254 5328 789 4801 4702 8566 4469 9912 3925 9014 1740 3591 5579 6158 2109 9047 1643 9287 9108 6308 2490 2086 5150 525 5416 6702 4875 7149 7914 5574 1760 6168 7254 8901 7322 8309 3819 8143 8221 7745 7157 9961 7688 9088 2471 6149 8136 4115 
5436 3596 6775 7927 5682 1925 4804 7450 4979 6031 4600 2894 7957 2712 5414 5212 7965 9088 9873 1784 7232 4446 9529 741 760 7217 9830 3231 3367 4318 3698 8803 7914 473 3082 9948 8750 4239 7399 82 270 8351 2976 4580 7415 4742 6144 5380 3831 6017 7164 1063 463 3046 8156 7575 6615 7986 807 9982 2304 4505 5138 6570 1331 4572 6519 6433 8811 3918 6515 5434 8621 5843 14 6036 586 6158 1416 769 8527 4932 8184 5342 4330 6340 2918 946 679 77 7280 2983 934 2418 5906 8617 6991 2425 5051 2154 
2695 7918 3940 7668 114 306 3704 7052 2816 1472 7821 1343 2756 6005 3038 7087 8697 5956 8033 9376 2385 5313 8712 3319 7732 970 1937 1075 3395 3340 9581 2442 1258 3522 110 1372 180 3814 8424 2997 1638 2597 692 4394 4954 3730 1481 3652 6038 9514 9380 8423 1180 4444 1743 8912 5414 32 6339 5161 3372 2272 7603 4630 2146 4065 2355 2327 4231 7131 1676 5869 9729 2368 264 4683 6099 8097 4687 8489 7612 420 6913 8792 4864 5008 4056 6631 1392 6747 1792 4764 5371 5748 5746 7518 9813 4453 6197 4045 
1585 7873 6266 1314 241 6530 2349 2692 980 7037 1182 4944 7457 4447 3736 8673 5807 4144 5304 7199 7243 3449 1963 2614 5549 4061 6484 5362 8515 2681 5759 100 554 2026 7766 796 4908 115 9840 5888 3504 1022 832 961 1821 920 5987 7628 1416 7643 4827 8659 1092 6790 7626 2993 852 4110 8356 5719 3144 467 5819 3698 2493 3585 846 3754 52 687 9642 3557 8061 6827 870 9883 4099 3209 7511 5516 853 8691 527 8297 1833 8153 1291 9037 8616 5999 4756 1760 6466 575 1810 5312 512 2657 9066 565 
9696 5060 474 4109 8239 7696 3992 2339 906 7856 7855 1759 6547 8382 6408 8380 2888 7699 7418 7856 3698 8526 5968 6517 9102 7778 1829 5966 6787 7247 2883 2835 2307 9709 6945 547 7406 7289 2886 8312 1497 7093 71 8044 1827 6479 2777 4715 531 6547 2571 581 5073 8539 7098 527 2670 5279 2846 9457 2526 5729 2293 1186 5439 5590 1733 2845 2879 971 1157 4377 8064 7580 8773 9891 411 7902 959 942 801 9882 7876 5875 4774 4974 2754 7444 254 5600 3253 9132 7682 1898 318 3121 7488 2051 2318 6720 
9374 9827 7449 3790 7407 2574 34 4170 477 993 1465 1278 7227 9341 3505 2001 667 2612 5797 921 8212 5403 54 5894 3653 6724 5367 7494 5128 7685 4214 4502 3864 1663 8293 1271 4237 4679 1794 1066 2024 3259 8697 9251 2600 2202 7605 3267 4814 9754 541 9379 5157 6947 1625 5163 3671 6993 2657 8799 1030 6871 9654 4895 4886 4299 2518 5475 8978 664 6542 1002 3923 5239 6605 2875 3793 4210 2495 4960 317 9388 4339 1826 6335 2316 6989 6358 5661 9646 1510 3044 2869 7516 7939 7755 1815 6809 9583 7145 
7474 2477 8147 7749 4068 1104 625 7861 1667 3120 9173 1984 2508 9864 3810 5195 2181 7152 7905 7842 6798 9415 886 6020 3283 5177 3775 5098 8339 9710 2243 2165 2187 6742 9914 6255 7847 539 4117 9514 11 9642 7850 8871 9507 8012 418 1688 5164 8324 5882 8315 4091 6769 687 7375 8298 814 2473 6637 525 1069 8802 2712 7811 5069 8968 2010 5608 9437 7876 1972 9079 5726 7195 8586 91 7614 6626 1607 5938 2509 6274 29 5630 6961 3756 3928 7776 6230 566 8301 3651 5720 7365 1462 789 2685 9825 2750 
8474 7701 1074 3906 9780 8269 8844 9871 5883 5471 1478 1821 7980 4105 8203 3610 1066 1959 3890 8842 4541 4456 3495 8192 6529 7213 6007 3670 9898 5832 6420 8373 9885 3846 2279 9665 2116 1123 9536 7999 2946 7367 6173 7278 1472 728 888 8890 9039 4779 4085 3581 5587 7580 8125 8468 1145 4132 2139 1044 6316 4911 5769 6202 8758 4400 5867 7226 1875 1756 1577 1174 5475 4102 8452 3299 4830 5693 2189 3870 6824 6274 3803 8763 207 1928 7232 7704 2413 5723 8748 8729 634 869 4931 5744 1621 7151 2970 9849 
5259 900 1023 7086 5002 5827 385 6185 1520 8926 55 8344 1553 210 7108 8112 2138 692 5816 903 6415 917 9633 3401 1786 916 5498 9760 4419 4820 5961 6030 5720 6984 3116 723 2811 9853 6908 684 5132 3315 9028 6685 9877 2488 4797 8367 3180 6965 9271 5947 7882 8904 9349 6021 6172 4847 5781 592 9667 8094 2974 5388 1430 6091 2463 593 2296 5723 1277 7428 5390 306 465 5267 9146 1614 3634 2327 8580 9257 4626 2814 8161 3975 8835 686 5174 968 1278 4842 9062 4252 6582 492 6695 5397 1086 5344 
1120 2363 9124 2862 9021 5942 8129 4520 7556 8115 3199 2488 7373 7825 5303 1886 1801 4138 2572 6975 1459 202 8169 521 807 4751 7366 3854 148 8452 9198 7620 7167 4675 482 2541 617 4963 7061 8173 9431 6612 7014 3156 4437 2317 5042 6238 2807 3967 9566 618 521 7735 1140 7680 8839 4858 1535 5339 9662 7085 2960 6829 1760 3442 5722 8729 4758 9135 3255 4189 5747 269 7345 185 8938 8739 2775 8097 9058 8693 8716 9580 6429 6208 7260 1620 1066 5147 6959 728 2233 9919 3909 345 9714 5984 9075 824 
5119 2330 5013 7219 8951 8710 7404 4241 3801 6531 2338 2860 5225 1054 8792 8006 3614 2404 9626 4680 7552 2937 1760 9785 9209 2022 6482 8923 8006 1909 6099 3125 591 7464 6696 9542 6174 4100 135 6327 6984 2474 5539 2209 9880 4331 215 3495 6736 6193 4527 4288 9130 2640 425 8339 4662 3259 3614 2668 5169 6065 2145 2112 3529 8842 8007 6055 9294 8142 2383 6278 616 7922 4839 6849 8606 1406 6696 5342 7599 1223 5982 3082 3863 2759 7773 8525 6018 7740 7545 7539 3805 9691 9652 7335 4885 7659 9742 4179 
5801 2125 6810 2770 6400 1649 9619 5006 3056 6315 6700 655 3890 2682 89 7754 5441 7863 2631 7811 1955 6529 5351 5760 6220 1355 9447 7457 9014 9190 1636 4815 7667 8446 3937 419 96 3556 5425 9504 6223 2125 159 114 1159 6601 4220 2952 4464 3203 7116 2771 9732 2467 8531 2304 3822 4331 9761 9188 9873 1398 355 3892 6196 4293 4312 2644 4201 6089 2148 425 4567 8660 539 5726 5261 4759 5031 6077 7962 2147 8848 7695 966 3731 9999 1140 8062 6113 328 4287 7511 683 8180 59 1328 8844 2704 5530 
4933 4852 5955 9500 3512 2846 1579 8773 3957 6610 4850 1919 8757 50 5966 9723 3782 2318 863 8196 8431 7543 8836 2294 8226 7016 2353 5907 2212 1409 1437 7145 6262 3744 6646 6126 2942 8225 4900 6899 4835 6102 5170 9944 2505 1137 6019 6287 9807 6882 835 4590 4425 9671 3236 9003 3039 5589 4910 5251 6999 2699 2397 9613 2795 5395 5739 5737 3620 6991 2636 4807 9446 4159 1103 1951 5296 7122 4590 1455 356 5425 6045 4781 5097 9281 136 8136 1222 1399 3388 4573 450 2137 4186 9598 7532 6278 5335 7504 
3269 4324 8663 2715 8483 9766 1018 131 3240 5608 7938 3596 1034 335 4729 2483 9616 4865 6971 7190 2616 6711 1764 3067 8848 2302 2665 2732 8580 4352 6588 8202 5028 5251 7269 9863 1369 8288 6346 961 3896 4284 4557 1282 4619 5638 117 587 504 7089 7778 9472 152 5894 8891 5353 4548 7908 8085 9481 2261 4674 4035 3641 6277 1304 9857 3999 9592 6203 4960 9841 488 9518 7475 1459 5156 3945 2047 2012 7386 6177 7837 7538 8423 6728 2891 2971 4637 7329 8804 3250 2003 2839 3243 4632 4144 3100 8631 88 
9304 3592 6281 6144 9462 109 7603 970 4054 6002 9335 1440 2179 3524 8978 6954 252 8222 9926 1241 5551 5082 4491 7554 7922 4087 8538 8418 7187 3522 8506 2843 3466 1140 8987 9280 1249 2943 250 1655 5297 5937 3095 3829 9461 8425 783 6066 6647 709 7307 2198 5792 8151 6104 66 2238 995 8484 5777 4517 3342 8621 7983 4482 3960 7263 5731 3255 3865 7386 8553 9803 6833 2382 5616 5259 3165 1682 8258 227 8990 457 2371 3493 2913 2437 5731 3908 7273 7860 8425 615 6481 2760 5098 6794 23 7181 49 
3889 920 8602 44 4105 7336 2012 5716 6854 3695 3975 7081 9037 784 5804 8882 3697 8241 4613 3958 1866 8825 2383 2481 5307 5144 3931 2101 1519 1113 8502 1760 8385 3457 1804 2490 793 169 4559 7647 3864 8534 1080 9253 9318 6884 8135 9367 1477 9100 3325 3343 7925 2061 5825 9584 3557 6108 8037 5076 3573 6540 3189 1958 9997 1345 801 790 1514 5360 4790 1730 246 5870 983 9564 2755 5470 5283 4232 4570 4961 3928 8848 3374 9753 8432 6931 5861 6470 8359 9435 3010 1548 7745 9359 9246 4898 149 760 
258 1291 2491 504 7162 9826 6420 6269 5297 8056 6853 6219 3017 781 5067 6391 6886 9852 9674 9100 2674 8033 4887 5684 5934 2632 1395 5180 7531 7896 2292 4141 9188 4783 998 2702 962 7418 5323 2611 1826 2176 8830 4843 9310 250 7586 6196 102 7260 1648 9128 1646 6535 4812 7580 5520 6207 9112 3051 4103 1404 3544 9643 2540 4542 2345 9854 8313 7668 2465 139 6197 7647 1335 1859 7897 8921 4407 4351 2534 6056 3479 4180 2591 4643 8112 4463 7202 3576 3866 7658 1332 7411 7301 224 8305 5999 78 6618 
19 2543 3110 2568 191 797 4427 4440 6070 8835 8792 8604 4891 8623 9136 3834 3267 7248 8298 6821 7176 2164 4479 8509 5927 8133 8733 4233 4132 5164 7203 503 4059 6665 3072 4250 7462 7499 5043 3533 2686 187 2137 3929 8810 7626 7764 8429 1226 2414 1603 8403 930 6082 3264 6858 567 1997 7443 4699 3513 4646 1555 7573 1312 4627 8175 8774 8478 3218 8659 1165 3405 7149 5094 8568 4775 9210 3349 6001 1624 4952 4404 8907 7387 7668 5765 7954 6018 3208 9006 5883 4206 561 3456 5518 5188 1632 645 3666 
1202 9304 1183 960 6453 6278 9528 1228 5488 9229 3582 3465 4182 4338 2372 7921 8359 4489 5875 4377 4049 4881 6612 4607 1794 69 126 6982 8053 7123 7001 9255 6427 4536 215 9233 814 6095 6813 2655 1677 395 2472 2211 4734 1196 132 9445 2037 6007 174 2438 7241 6786 7045 9035 6855 7171 2370 4908 646 5723 516 3426 259 7083 2659 7426 9531 5824 81 1208 6220 8905 3419 7306 101 9903 3103 8490 2262 3277 928 9503 63 7973 4891 6919 1497 3613 8179 2143 9336 8695 5569 5947 2131 4580 3373 1662 
405 9806 9222 2977 8711 2641 6635 5164 8896 9738 3654 1158 3015 934 662 3078 8908 1905 6349 6757 5518 4529 8900 1206 9576 822 7153 8059 1754 527 9721 2159 333 8943 1488 5397 7936 8123 561 3184 4213 568 4343 7228 7854 1357 6659 6762 3262 3008 9871 5132 3889 5124 6338 9818 2298 3491 7877 4052 4018 3951 2564 704 9246 4052 6101 3535 2176 3014 6719 2741 9934 1062 9970 7789 2419 2981 903 2033 5989 775 7165 6231 2251 9855 6049 4549 3347 3926 8601 3717 7877 1165 4421 7124 5218 6874 7011 3746 
6241 3730 6487 6175 4793 2809 316 3564 5790 1220 1950 8132 8347 9115 4363 598 5323 412 5147 8670 690 3748 8739 8568 1266 9513 2044 6484 6387 5407 6582 2628 9137 3069 5156 282 2231 5472 199 8021 6692 2149 6153 1391 7616 516 1989 2939 7280 7136 7961 7971 7237 6701 2891 8503 6214 1287 1339 8953 6694 7921 7934 5831 7342 3090 6114 9573 8562 2665 7595 1607 4814 100 2998 8782 6969 1340 1722 4249 8476 9683 2220 2065 2736 1463 568 8950 2750 1907 7904 9444 6180 5838 5276 3523 5280 7742 3096 194 
407 7043 8153 1573 7144 1152 355 465 8844 8429 4714 3672 4465 3287 5738 7201 4750 2658 2504 3853 918 408 3297 7098 2598 4925 621 4230 2667 3718 4424 9426 761 2578 7351 4257 82 4059 4722 8926 2488 5789 2598 3305 5428 4688 507 6530 7347 3011 383 4617 9771 3681 1715 8721 8606 2337 2951 7626 2407 3727 3404 9520 6305 7108 130 6387 1167 4852 1665  7 6993 4264 3313 8773 5304 172 5304 9003 9535 2039 3620 9306 5720 5336 4379 679 4025 3682 4657 2784 7409 4413 2304 3715 1521 2434 6454 2688 
3639 8120 9048 6984 8736 2361 5758 4040 2533 7414 9396 2068 9453 3016 7726 1526 4704 8457 8557 5081 2139 3214 7865 5900 7627 170 5967 5501 2604 2422 8189 2595 542 3589 9580 5630 5950 1690 9670 4835 9104 5418 3255 8557 8435 7333 6435 9491 5790 4992 4573 4281 8206 2438 182 2186 2608 2501 7687 1565 4923 2228 512 1817 5818 92 7447 8120 1782 3470 2956 7238 8888 2563 2148 7323 9897 8583 6815 2039 3576 1388 6321 8134 178 2855 320 2787 5356 4359 704 6632 6588 1216 8449 8758 7661 5897 6878 5795 
9367 6186 3034 8255 8750 5182 1931 4999 117 5098 7038 3693 2838 9711 8180 3016 2566 4852 2155 4275 9212 9211 907 2152 428 5708 7262 8089 1605 492 236 7324 6679 3270 1932 1781 4804 215 6780 4922 1665 3818 4967 4503 3530 9499 3871 2448 4352 2379 3075 9916 1590 334 8420 2018 6043 5682 6459 4000 6174 6696 7677 9205 6318 5961 986 1123 6176 4118 2397 7841 7937 7364 8696 7819 6864 2567 6619 7568 4946 6047 7484 6537 2733 5904 4907 8776 7938 1367 9129 464 4415 3158 9670 733 9119 656 8208 5295 
1127 605 9488 5416 7970 8184 3235 1186 7103 6206 8754 2050 8605 2590 4939 1339 4846 6198 6467 2784 3917 5596 3248 8332 5106 9270 5418 4225 6279 3626 9520 7406 4232 5360 2822 8554 3544 2409 9740 648 8615 4846 9050 3573 3788 341 4912 8634 6539 1379 7770 457 3328 7370 8789 8434 6641 4207 2660 9272 4186 8532 6678 8418 3893 9500 6972 7437 8261 3064 4437 3228 4262 3487 6801 8050 3828 1713 3036 6720 3093 7158 7177 6421 880 2318 1207 3873 2878 3867 3145 7064 2400 9823 5482 2645 5675 8806 6434 288 
1870 7224 3517 2484 711 318 534 892 8384 9922 3964 1477 7080 1141 4250 4312 3459 5457 8186 6337 5677 1331 3401 4429 7507 5235 7074 9534 4041 9860 9823 2263 7084 3340 4747 4148 10 1633 5040 8394 1555 9004 6223 4987 6497 473 9300 9956 2283 3838 2646 7960 5169 6047 2389 9028 1283 5815 8563 1676 5675 4738 292 2760 8078 5039 6908 4440 3025 8300 2835 4580 3656 9058 5920 153 5884 1572 6461 4519 5410 9107 2479 6931 1507 1220 5960 9142 3387 875 818 9062 5613 1110 8174 43 2502 5082 4483 5527 
9734 3670 6459 3390 9081 2379 9895 1317 303 6357 5836 2065 1816 4667 8997 3323 5887 1309 2465 9274 8536 9636 4688 4149 746 2863 544 9600 4297 5027 5127 4032 5050 1587 3774 4131 318 3670 5448 622 6379 7636 2687 8195 2303 8036 7871 4542 5697 336 168 4233 9972 4856 4734 7071 4071 5278 6671 8369 6658 1799 2401 1708 9738 2527 5839 56 6197 7639 7030 8928 5275 6070 7124 7578 4106 1347 8472 6156 1683 8640 389 8008 9848 5124 5079 3920 402 8102 2289 7060 6253 1042 5120 5991 3569 959 2400 6119 
4950 9430 5047 6577 5500 2171 4155 5959 3518 8979 2115 1554 7619 8856 5914 7468 3980 7345 1388 735 5447 29 4147 1701 1071 9268 4044 992 6579 6444 7111 1530 2227 2159 8107 7727 682 8615 38 553 7594 2153 8459 1566 1010 4373 5386 1342 1718 6774 2077 7165 3155 2577 5218 578 1845 5615 1570 8424 8411 8682 6306 638 7193 766 4718 7875 5733 4756 8428 9679 3262 3239 1245 4272 7612 6631 1966 9330 9757 396 2848 9264 2973 8066 9842 1170 33 1413 9594 8445 6447 2253 9083 3640 9371 3801 7867 5104 
4910 2648 4783 8172 5887 2381 8796 3500 9012 762 2830 5122 1158 5678 4386 483 97 581 1653 130 1994 7600 8575 4793 9853 4011 4785 9224 4164 2652 4328 9074 5300 5463 7246 1188 7844 6042 4688 3209 6805 3870 8331 4315 5901 9069 4799 5998 9650 6452 2480 7996 4052 1056 9141 257 1419 3926 5833 5583 6579 6513 4658 8231 1977 1904 9419 9821 4299 459 3030 1104 682 7713 1771 6583 3135 6570 2581 9137 9375 5061 3486 9779 2469 2627 37 3888 2906 2222 5824 9485 8736 6834 7716 713 8738 3488 6886 9389 
299 6269 493 981 334 2265 7564 9821 5187 6497 8959 4562 7911 8797 694 380 1424 731 621 682 2953 2797 167 8041 9631 4236 8754 4721 4076 1993 4111 4375 8262 956 1709 4948 9573 9273 4770 4761 2123 3729 5675 34 2526 6369 6766 302 3452 7387 985 2758 6536 7504 799 6167 8092 5906 889 2168 7899 5000 2896 2513 5956 4605 7461 5530 230 2231 6643 2353 2312 2318 8739 1190 5040 5506 1493 4844 9245 8830 7602 5782 2686 4754 1949 779 660 9190 9299 4911 542 2195 7424 6499 3152 1237 8381 9735 
9821 1376 2088 2133 46 828 3324 5086 2686 1169 9931 1931 6351 3885 7713 9037 8639 6015 6168 9299 5205 5468 562 5748 4015 7986 8599 3520 5576 3332 3255 5397 4708 1695 7530 1106 8875 7206 6193 1561 4727 2476 3493 1078 2713 7558 6468 1353 3573 2636 7004 8779 4456 7567 4527 8472 1905 9478 1992 7481 2810 5247 9230 3870 3294 3113 4976 2170 6671 7521 3731 1399 6349 3576 8829 9063 1135 1649 6768 4708 4286 3772 9839 5094 7691 718 3566 5949 196 1910 9782 9358 3509 9013 3228 6804 2126 8205 8974 8797 
5726 9057 6548 2076 2634 5378 1139 3769 3379 7907 4829 4017 8031 4669 9112 2075 5387 2678 8024 5584 941 7806 4942 4450 6819 4523 1254 5297 2728 6580 4095 4806 5638 6995 3234 8272 8725 725 8393 2105 4984 3222 6122 3016 7891 5234 5091 3279 4265 9467 5215 5206 7273 6509 6008 445 1032 3615 5742 112 195 6189 1271 2185 3185 4505 457 1910 5231 8850 4015 215 2073 138 9583 6316 1724 1026 9595 5989 493 1162 7547 7767 4024 9908 4564 1408 3523 306 1521 3718 2848 9144 2256 6033 3649 2713 7943 8880 
7916 8311 9096 6341 4801 5031 2657 6525 6058 8605 8867 6551 6119 2766 670 143 2674 5234 1552 6197 1893 9425 6268 4741 8569 8524 7126 2218 7589 1421 7451 1857 9732 2899 8198 4533 7930 7208 7411 3988 5813 2630 540 8284 1748 7562 8428 4423 9149 9980 6972 1042 5757 9592 2135 4326 8116 9261 6544 2058 682 347 3915 6767 3246 8466 7652 1177 5674 5063 1517 7839 4045 8409 6123 5794 5972 903 6569 5121 883 3541 2515 6640 3134 1002 7318 7602 6615 215 6012 7297 562 6280 416 3809 4746 8069 1338 6772 
9484 2855 963 3530 1265 7086 5676 3589 7990 2245 8710 5225 5786 7577 8218 5272 8579 5536 9227 5194 5751 5239 8843 6314 1519 9260 6475 6265 3681 7813 9389 3165 668 352 3047 8285 3791 5075 1874 1781 7320 6936 3358 9459 4513 1576 4731 9444 3465 310 4638 9216 5550 9834 1882 7069 5446 8357 9687 9127 2522 9076 8644 9543 9429 1692 7828 3220 6767 9703 1353 440 2991 1063 9899 7505 8992 982 3301 2457 1293 7940 8025 6843 4126 9908 264 9572 4617 6303 8699 7140 5380 7343 6683 1161 5387 863 733 8507 
6918 8438 8947 9910 9501 8846 3767 8493 6180 7068 7302 7473 1360 5328 668 5486 5236 7285 5058 6205 3588 109 3345 5320 3805 6380 2833 9192 7244 3566 7699 4162 8356 2998 4072 4210 1844 7839 2703 8025 1260  6 1850 2620 1686 8871 8107 6922 6156 9517 3127 6096 5979 2825 1417 9784 9205 602 5328 6449 4169 9380 6964 8877 2378 1036 3087 575 5228 5791 4952 6488 2149 3154 5460 3835 2025 3567 7109 4533 9437 6588 6982 1768 9413 4751 1552 4971 5353 3232 7772 5874 8964 4736 4752 7695 2125 7839 8270 7353 
9982 9574 193 2131 2728 5653 2318 1106 5573 5779 1991 5010 8720 8973 6778 8133 3724 4682 9456 9078 4266 7229 4952 9583 1965 6056 7278 4090 3896 1900 7795 3878 1474 4340 2362 4202 9994 1032 1660 1919 6812 3652 6929 5532 2625 59 17 2702 1093 9474 8132 1711 3055 9436 1294 1372 5493 8572 5463 9389 6824 9610 9619 8298 3951 1981 8853 297 3014 513 2216 6178 517 5497 8062 9495 1908 8079 2197 9353 3905 6681 1064 3312 6117 8711 4685 7962 3635 6500 3703 460 6110 3323 8758 6413 1656 3963 3062 1022 
829 5278 7200 1346 7127 1614 841 9035 6046 9390 4740 6303 2423 5805 9616 4893 4516 4301 2855 8151 801 2911 8611 3263 6234 3722 6029 4242 4037 9091 5265 4866 722 8817 6213 7849 432 3406 3237 2830 9149 7977 9133 1572 134 8749 6465 1002 9402 5673 5506 6555 8584 469 6171 1170 4191 2200 5412 4581 7643 677 9447 8365 5847 2012 2567 6279 1771 5804 5461 920 133 4594 8844 6620 9696 1662 7622 9098 7335 9480 5654 2271 9950 8177 3441 493 377 8853 5074 8020 5883 4522 2738 1730 2886 5305 4361 4657 
7461 9822 1929 3946 768 774 566 464 8788 4541 9563 6123 4021 1569 4746 3971 9746 8187 4465 6475 3392 5891 847 9275 413 3585 7357 9652 5242 8070 4309 2703 4244 6239 3002 5013 3365 3568 5477 2153 4461 1392 4628 8483 2961 9374 8806 9059 3913 3271 1886 7305 9163 9086 2933 5928 9023 6642 1932 4266 1065 6242 3321 5309 8833 6323 322 8550 6244 2152 7055 705 3544 1683 9188 2858 7409 7995 8269 7674 7618 6508 4979 3133 5594 4264 5414 4617 7259 7346 5235 8324 9940 8557 3633 5125 1232 308 3675 7476 
2460 730 8182 6004 8765 3722 5214 2526 8069 3484 200 5688 9992 1532 5173 1938 2148 587 6555 9407 4286 1791 7731 578 6700 7717 5704 7932 8025 9379 5409 6837 6462 9943 9193 1579 3665 4408 4106 1735 4244 658 3775 588 8542 8948 2526 691 5888 5433 6450 174 3576 534 752 276 8251 2808 8209 2628 8540 9970 9465 5002 9913 8658 2933 3578 9418 3391 1665 14 4050 5440 602 8944 4389 9480 9635 6629 4914 6086 3155 8490 6620 3907 8767 1223 3068 3328 3851 1608 3298 9668 6610 3211 8326 5895 3141 4097 
9287 4807 4111 9689 247 4714 8633 988 546 8269 7617 5460 707 772 303 3679 1032 5422 4902 4100 8750 5105 2060 8400 4773 5022 7963 9451 917 1104 3548 204 2263 4012 6245 2511 5078 4879 9851 5624 9500 3821 1085 6559 4593 7740 238 1977 3162 1492 2429 1912 6597 4489 6664 7722 9511 4627 7173 429 5731 7074 6985 7995 7438 3231 6858 2516 4462 3061 8140 3962 6882 5577 6873 7828 3317 7111 6157 6479 4955 8587 4743 7904 9428 1407 5626 8940 6034 9151 5721 8118 2577 9058 2465 15 8641 9323 2531 3103 
8736 7024 3417 5619 2601 290 9799 2271 3753 5956 8750 8708 4543 9846 2964 324 7605 8590 5616 3640 4094 1337 8110 3023 6747 575 3039 5389 6250 1922 4844 4986 8946 4614 605 7900 1256 404 171 5010 6361 5273 70 7256 5119 3035 3932 2725 7977 9548 2717 8423 885 827 1447 3985 7754 4486 5726 4004 2760 570 8990 1707 1536 9596 5959 2793 6352 6130 7803 9065 1403 4225 2674 6523 3612 6606 5600 1590 6155 4669 13 3392 1848 7812 7377 9602 2298 3103 3606 1411 26 8948 9470 1562 8544 5429 707 1249 
1559 4862 314 2962 9088 9340 5837 9052 5947 1437 642 2102 6106 7008 1846 4306 4820 9224 3908 3471 8679 3866 1234 5057 2815 704 2972 7711 6133 3679 8960 7692 4894 5627 654 3982 4967 2844 9386 7266 4281 29 5720 6740 3389 7567 1046 4561 6791 1307 4384 1822 5173 5618 3232 7988 6322 6204 2052 2455 6235 1012 6499 1129 2991 7154 1463 4311 6350 850 1577 631 7231 7298 3723 6972 1217 1122 1533 4360 2429 2270 6182 3954 7888 9414 1943 563 1970 347 3018 4558 1359 9518 5687 703 3024 3503 5014 9374 
4353 2943 6357 7936 6593 6433 4908 7810 7555 2793 2170 6336 5063 4705 290 2952 471 8585 9867 2442 8932 2885 3352 6644 8755 9039 3699 8131 8894 8713 3857 3247 8008 6567 7535 4602 3000 2443 8764 6907 5237 935 3243 6652 5640 9885 5956 6111 4823 5823 4905 107 5061 8257 6751 3816 3649 450 1948 2543 5515 2157 2143 3524 8724 9678 4478 1724 8474 3242 4983 63 529 8226 6715 2521 4464 2672 8633 9287 8495 9890 9394 3556 4500 2498 3725 8149 9300 2025 7044 4816 4182 9187 4692 2907 5218 5522 983 3692 
5116 5967 107 5646 545 6822 4519 5009 5846 9504 648 694 9395 6395 602 3895 5245 4327 8396 4545 2704 5440 5713 6887 980 405 6146 6198 2279 7129 6242 7396 9448 2701 9394 9994 9523 3913 1355 1722 3418 2004 2416 9165 4751 3018 9412 9996 3698 7808 4541 6402 9600 255 9641 580 7012 5787 3130 5644 9269 5724 9392 8717 8425 5138 5063 4301 9051 6419 6023 8821 4775 8439 7986 9526 7809 7398 5874 1507 1558 415 4262 1159 7022 3903 8091 387 6043 1222 6031 1664 3298 1775 6733 1724 6913 1797 6025 2316 
8216 8400 1138 9343 6839 5476 8869 1000 9227 4743 8860 785 1510 3122 8296 4885 3377 2740 5272 9420 3962 7655 7436 3612 9430 4170 5336 2695 5967 7713 5011 535 2465 6149 9878 5656 7978 8747 6657 7205 9842 5517 4342 7704 4991 2639 2589 8368 5379 7861 4141 5693 1868 1577 5657 7650 5747 7346 345 8066 5059 1709 8601 3877 7858 8479 9533 5836 3578 6190 9393 9772 1707 3736 7477 3050 2727 66 1419 8106 4280 1912 151 2500 3489 5808 6503 5589 3154 6848 3655 4566 8557 8609 8443 2768 7088 7976 4956 7019 
519 4350 6791 8578 4438 620 1629 7165 7039 9400 1623 7671 1312 1774 171 4801 3934 6674 390 3441 9875 398 4359 4784 9007 9154 3904 2447 3482 8861 9466 4001 9563 2610 2580 4001 9582 561 1166 6621 9961 2789 4292 1273 915 816 2426 1201 7490 2817 4642 3717 9567 5353 8502 4926 4507 2406 7373 7990 7619 3192 1991 3534 2154 923 7535 1736 7836 5053 4710 7797 4194 5354 9070 5109 6170 1497 2663 13 666 7305 3730 6585 2659 8584 1511 3518 7343 5236 1508 1314 8428 9852 4849 6934 7127 8736 5023 4964 
3790 9733 9113 7984 5087 4536 9446 7610 6033 2109 3975 3051 5766 7705 5988 4777 2642 3851 8296 9985 9087 6156 1299 3868 6008 2500 802 9488 1237 5825 4452 5027 1910 3565 9363 3350 8101 8809 960 486 7270 4935 9889 3037 8992 2229 4166 7986 6080 2462 4323 5168 8619 1975 9036 979 4475 6190 467 5712 2016 1271 7091 278 1189 6455 3628 5642 1616 940 2481 5239 2227 8722 4628 7572 952 8794 5558 7032 7609 9882 2200 6228 1857 7588 3559 6332 3779 379 8397 2147 1650 5488 2425 9191 8295 6054 4834 9912 
16616
