20
282 357 194 256 176 204 249 187 223 221 213 260 252 180 74 273 273 194 46 82 
181 170 340 182 385 180 105 158  1 179 367 235 136 162 91 264 318 341  3 94 
114 216 306 366 348 333 240 173 127 238 256 261  8 148 395 345 328 52 103 281 
231 71 116 319 185 208 183 55 149 186 149 215 355 56 133 255 389 325 29 68 
163 237 329 171 385 277 69 265 329 172 146 161 195 214 80 380 22 264 36 123 
 2 137 338 309 193 24 165 134 349 146 203 113 383 84 236 320 361 305 185 291 
78 283  4 225 97 84 158 72 300 194 147 255 283 38 164 77 62 329 211 11 
27 366 76 10 51 313 282 364 218 19 207 248 302 211 26 352 296 184 24 148 
378 171  3 261 161 120 290 223  1 54 235 29 372 263 39 375 176 274 340 347 
293 147 147 196 359 173 100 207 357 76 307 287 199 311 101 361 383 343 184 384 
397 371 13 322 235  5 297 363 279 237 310 172 337 10 320 248 183 20 55 93 
96 314 332 296 177 33 257 160 329 393 145 326 365 158 200 152 115 98 115 394 
335 378 119 224 388 39 72 123 12 79 168 60 394 101 308 171 86 117 332 15 
111 77 294 28 187 94 180 303 192 247 249 80 225 368 304 165 360 329 241 372 
 8  9 384  2 62 293 174 149 10 106 116 73 135 362 101 274 57 281 129 201 
129 379 233 306 299 90 72 259 19 265 183 27 274 168 30 289 13 156 390 23 
214 106 49 349 69 150 175 78 384 305 279 65 236 65 323 135 155 347 347 174 
212 130 201 39 250 183 328 263 339 318 239 153 376 288 54 397 390 230 75 326 
87 307 391 323 324 267 10 79 214 357 253 27 40  6 66 290 190 346 106 81 
216 345 235 192 185 289 142 175 71 169 54 158 28 45 33 352 312 44 31 79 
648
