20
321 343 56 388 320 207 220 331 344 281 245 114 283 359 72 368 105 399 259 201 
118 358 324 130 27 359 243 299 13 210 229 286 105 238 274 25 45 47 356 341 
328 202  7 163 113 79 131 218 79 343 372 197 301 248 280 329 207 123 180 172 
285 362 58 342 200 285 367 197 332 276 138 260 78 145 375 143 225 59 313 256 
 2 237  5 303 85 285 232 292 360 365 16 197 327 75 139 79 360 59 276 244 
335 14 56 365 111 31 108 288 90 21 144 92 259 150 348 344 35 132 189 348 
97 205 145 376 280 237 55 192 296 331 388 231 297 44 196 361 28 256 249 70 
277 346 163 88 96 111 33 83 243 174 31 293 379 129 269 212 366 277  4 214 
208 345 45 58 389 193 19 369 49 220 40 278 166 155 367 214 266 352 298 61 
126 281 306 105 362 128 317 328  5 274 94 165 219 139 223 160 284 194 130 285 
15 122 164 133 277 131 348 95 83 198 108 209 79 15 266 42 143 184 322 100 
10 17 265 181 108 41 341 345 235 23 230 202 145 394 288 374 77 236 69 112 
34 178 273 65 145 140 107 240 276 382 340 286 351 157 67 11 198 360 356 386 
384 187 140 81 133 28  8 211 264 77 275 250 207 149 316 304 289 375 144 117 
357 36  3 260 146 22 272 344 382 228 282 318 367 23 352 101  3 360 312 220 
389 187 70 197 288 386 101 129 314 198 246 223 186 201 84 332 223 308 229 158 
136 111 28 104 86 380 205 90 340 69 310 282 208 332 79 49 271 132 178 185 
282 25  8 69 226 92 353  2  0 182 112 89 246 140 145 332 121 302 374 13 
371 236 295 131 169 326 180 40 11 311 225 293 336 185 314 114 278 268 68 230 
50 180 319 248 321 64 181 394 366 155 359 289 344 207 373 113 133 105 105 96 
723
