96
4175 6340 1416 5888 1098 8622 3391 5782 7244 8871 7157 3355 8501 8199 5359 4797 6853 100 8358 6244 811 7765 1119 4165 300 1105 5480 7572 1772 181 5616 8534 7005 8164 5508 5716 4161 2696 4898 5675 3805 8695 7931 3457 3388 5298 458 2386 540 1287 6092 872 378 6102 7515 4073 6069 7536 2859 5642 4449 5787 2079 6626 4523 8114 713 7513 8548 9193 5245 5695 8364 687 2064 889 8508 1324 3634 5973 8015 1514 4453 6399 5934 8335 921 8973 4439 968 7014 8501 2889 1858 3813 8990 
2799 5074 6700 7763 678 4021 868 4436 9197 8433 3720 8647 680 3034 6843 972 5905 7088 838 2158 7228 2918 5678 7477 5444 2174 622 4824 2839 1551 6102 3343 6363 4584 1664 3463 8444 3535 8170 1007 212 5858 4021 6447 3317 4383 7673 5049 1046 3327 3395 8951 663 3388 556 7140 178 5812 663 2231 4416 4198 8838 6585 4901 5529 2201 8504 8026 8219 1061 6292 3477 8359 2797 5238 7575 4960 1152 5665 4882 1658 3375 992 8756 7416 680 2719 8916 2959 6195 662 8248 6570 4233 3360 
4993 135 8012 7594 1716 7806 7208 6086 6757 6242 7556 3167 3074 2816 2276 2055 3769 6853 6878 109 5383 6012 3254 4842 8414 3636 2457 7738 4210 4927 6515 5448 6561 4695 7021 289 5629 1756 7686 5131 6519 3641 8909 6063 3497 3684 4024 7281 9151 4739 6180 2016 5891 8108 5994 4169 517 965 6938 9062 1123 2186 6871 3636 5946 7341 7119 8162 4649 8472 1493 6629 7934 8270 8220 6952 7680 495 6034 3169 4313 3162 7382 9087 5661 5741 984 63 8059 9064 2828 4062 127 2799 1099 5609 
1025 5934 6470 8240 1582 6935 2471 2009 4400 2758 2246 3472 1661 6150 8452 6876 7865 237 7880 2701 7753 3746 3348 6738 7286 7743 1475 3943 1849 6609 9057 8299 1449 1916 2726 3663 2814 6332 3473 8811 65 8134 1566 4011 8850 5389 1699 3302 4117 3808 1485 6735 3450 6448 6193 5124 6696 4976 3473 5060 262 2709 7086 1982 3046 4413 7365 1156 2958 4076 5031 6174 6755 881 7032 1083 5044 4967 6404 3459 4512 6871 3001 4615 934 3323 6213 8410 5063 7197 8909 3257 1114 5278 2758 2021 
1132 5651 628 8978 6353 7306 7165 8567 5067 3050 2601 2054 3414 6008 3769 3510 4622 4982 3168 4859 7870 4838 1634 8792 7814 7020 6088 10 6568 1361 4157 2789 5871 420 1161 8253 2492 2171 8359 6395 6830 4439 1412 1487 2285 933 3159 8324 5652 4449 5527 4207 3769 1493 5534 7169 5529 7807 5336 7548 2917 17 4519 5314 3363 402 7639 3145 6979 4002 441 811 3903 1498 2782 8794 7661 6226 6258 7921 5220 7996 7986 4005 6537 5805 7947 4954 565 6268 7249 3794 8708 8771 664 9088 
4797 387 2867 2427 3161 4068 7495 7822 1970 1433 394 2156 2505 8162 5021 1 8628 5547 1796 8163 6946 5202 4542 2023 9100 5766 2693 3024 5115 8010 4260 5923 1392 7961 6000 4118 2547 6436 8036 1958 8251 4791 4829 1224 4086 8889 8302 7351 4279 5970 3297 4716 8570 5031 3787 812 724 4033 4555 6715 1467 3211 8031 5550 5359 4602 5986 7774 4869 3399 4646 4345 8974 6488 2602 8754 1512 9021 888 8216 3616 8405 5790 4741 4227 9105 3398 3245 6976 4432 8820 6614 4539 2410 8284 5926 
7920 969 2526 6296 8322 6192 4511 1801 5216 7071 4293 2415 5906 6607 9038 5928 5286 8408 8206 368 8753 7411 1603 6637 5636 1625 1750 8293 4205 2890 9009 5519 1831 4137 8119 4359 6495 7108 6117 7258 4707 6578 8707 6465 7401 3286 6278 7403 2298 5120 6917 3699 5753 4786 2262 7793 3668 1023 8005 3500 4166 5519 7536 6381 5958 8384 1986 7151 8847 9191 5386 6514 1357 4532 2871 5742 5857 8371 3506 4709 8657 5359 3928 6865 1871 6577 7699 6077 1380 4454 4628 4976 4537 6558 1711 3907 
1794 1329 3794 916 2824 4732 1827 3283 849 8137 6070 4026 6765 973 8040 5785 8160 8266 1754 4559 5287 7381 2317 3413 6761 4018 8087 1396 9020 4827 5248 6295 3088 799 3004 3131 3004 3944 2628 2818 6307 7701 2259 2535 8962 7813 3130 3724 2521 1205 4448 7344 3188 257 1754 1212 1685 5639 8739 380 5440 681 8824 8939 8739 1584 5970 4135 9119 2190 4225 2691 887 7356 2530 6075 3604 4930 4285 7490 4210 725 8381 5816 5803 282 652 2424 3358 2441 8715 1869 3644 2156 6699 5700 
8943 1031 3179 7068 7079 5586 5614 986 4097 8674 7224 5625 8982 3686 901 7103 3678 2380 8390 5419 4416 5635 4409 2315 9015 6492 8611 1193 5794 6538 5933 3237 3624 1096 9177 1246 4805 2329 6303 5514 1142 6571 5928 9062 1917 1621 8486 8455 1106 6335 6990 2894 38 5793 5619 2809 3092 6820 7488 6487 4327 356 6930 532 2434 4247 6256 1074 3568 6727 6311 7192 3337 6715 8198 3268 1725 9076 6195 1565 4352 979 4137 8804 1362 4056 4559 4296 8426 2181 2869 792 1406 2400 8557 8339 
7345 3224 5892 5083 2074 3903 6172 8712 3053 7094 1575 7385 585 8230 5442 5638 6429 1834 4396 3505 183 1163 993 6650 235 7203 8151 6578 1756 5346 4052 5159 3434 6639 5738 2078 8760 5094 785 4062 344 2112 8927 4201 6550 6352 742 8646 7006 5482 3626 7801 3147 3486 3389 4117 7501 7330 5497 5864 4469 1357 7642 7892 4960 8256 8053 829 3902 2591 8089 7198 6014 7165 3457 6710 2584 8150 3506 4192 6262 7989 247 3073 6143 2550 4343 1691 7490 3878 5232 3710 956 7686 274 8349 
7239 3375 1274 3454 5151 463 1481 8011 3729 3345 865 6918 9026 4507 1084 5850 793 7985 360 5004 7626 1655 35 2832 1536 2771 4879 3640 550 4209 6418 9095 6099 2144 3020 292 976 6361 950 5098 8390 7072 3028 5532 2697 8324 790 2102 2043 512 5457 4191 2462 6660 3540 7418 2746 5325 2474 5595 807 9200 9068 9110 952 7031 3776 1652 9028 7970 7538 8831 7762 7631 5165 8893 3936 5364 8405 3449 5584 584 132 3004 8560 6529 8992 4571 6308 57 8854 7978 6962 490 9141 4814 
6058 1560 7849 7088 6512 4750 2322 8590 4456 5056 9152 1323 1852 5455 4621 4519 5453 8364 6360 3305 5427 980 4889 1336 6899 7737 6694 7657 5308 5569 7041 4403 7518 2535 8795 6430 9032 8960 1706 7578 572 9112 994 7596 1425 7675 7507 2499 4388 8143 6686 297 7901 6622 1749 5269 6873 498 1710 6109 2105 2265 4708 3272 6278 648 6827 5378 960 1628 2126 297 6914 3451 7142 5892 6099 6489 3896 6355 523 2135 2604 1985 7775 2694 358 7030 9100 5256 4227 5321 4124 663 498 1427 
7896 8608 7788 1950 4043 1159 6673 6333 4078 2958 5409 4597 8565 8144 3667 4057 6837 8423 5334 8691 1456 7853 7137 8030 6719 4384 8697 3697 7386 4191 4543 406 5127 6865 4723 4920 8797 869 2569 2778 3892 3571 2790 1349 5100 6081 4919 4570 982 5666 3054 2821 2242 3386 1371 3026 8742 220 9059 5274 1255 1428 1887 6357 2503 6080 2451 19 3180 1753 3145 6 265 5840 8841 7607 8875 3475 1144 6105 3106 3758 843 4155 5514 2830 6886 6742 2165 6882 4885 8454 1206 3994 1637 2390 
973 1041 3232 3188 7402 6343 5860 707 4000 583 7007 8720 1831 7080 8873 4316 5197 4910 4286 7383 6139 8976 2967 7790 1120 8276 6499 6011 8892 1495 8295 4891 3019 3433 7791 3230 1228 1300 3567 1943 5932 6781 1723 2834 2260 7780 5216 5605 1804 582 8221 4639 1546 546 4225 414 4891 6232 4258 2493 9069 4524 6391 3113 3447 9066 3027 725 7941 6564 7039 2308 6627 6039 2034 4995 5414 3116 5679 505 8466 4250 4924 854 9131 2856 6330 5993 5083 1040 7462 8078 5436 2687 5547 2180 
3715 4025 6049 8029 4234 8794 4006 5006 9209 5047 5207 1062 2960 1379 2732 8732 8466 6350 8685 5569 6865 5895 7509 340 9171 3746 4417 4788 4254 8628 7701 3632 2725 5627 684 4218 8271 8475 8313 1467 8096 8963 7999 960 6534 8302 3689 1361 962 2950 8711 5282 7025 4258 7525 1763 5687 5424 330 8946 6151 5806 3018 1329 8080 6098 4040 1649 1863 7626 524 7181 8461 3998 5629 3860 4734 4529 7163 158 5078 2918 8027 7487 895 222 4608 8602 2107 2784 1938 7693 5098 7890 5726 8074 
8441 4324 6090 6021 4199 588 1651 5385 8821 2475 6117 230 9194 1935 5110 5893 3584 5394 3007 1756 8942 7839 1592 5372 4371 5332 3183 9159 700 6531 7013 6464 4242 2771 4485 6139 7331 6788 6594 1331 2059 848 1612 4602 5439 620 3310 6539 5365 814 7943 5819 9139 4808 4898 654 4595 2610 8757 8678 5360 2086 1651 7255 3601 2373 5582 8725 1774 2135 7693 6927 1027 7344 4229 7445 4080 7341 887 3892 8554 606 1798 34 8642 5182 9171 6612 3600 3101 3383 1070 5372 7711 5404 1234 
4904 6620 6008 1561 7229 6056 3943 6944 2705 9198 4068 8954 4978 5814 1572 6403 8722 1350 912 5204 6926 2020 6493 2130 1693 4537 6089 8289 1873 2256 4851 6327 7053 62 3927 5707 7044 4700 3046 2027 5609 8496 5054 7789 4409 2794 395 3581 4001 138 8825 5782 9100 7326 7893 396 8909 5161 2623 4677 5734 1952 8590 1032 5363 6670 1088 2797 3510 4183 7068 8692 2624 7833 6503 7218 4280 4526 4159 7974 203 8910 3991 42 5424 2898 3407 5893 982 4755 1774 6045 7853 7153 5247 6346 
8974 3823 3847 3653 1480 2940 3231 1983 7624 77 1073 8974 868 2405 4819 6018 4676 1206 2235 4182 6125 1761 2014 6210 236 1562 6698 1070 2715 2343 348 3840 9107 1159 2686 6294 174 5039 769 6607 7351 7279 7539 8132 7345 7796 3036 5141 1728 7399 4539 2141 2488 7218 9112 6855 833 5602 3654 8634 5795 7335 1975 8368 5684 633 9083 7205 7515 4821 5335 6826 4416 3877 8318 7448 5650 2878 8175 9186 1780 3 5226 8068 3717 3622 912 7704 5642 3855 9110 2055 1339 4565 1317 7644 
2215 8809 4306 7476 196 3282 1589 1746 8087 658 3752 6095 2812 1064 7582 4078 7571 5295 2205 8974 1095 420 5337 3000 4732 7365 1135 5336 3796 3604 1339 3209 3742 8186 3926 1545 8669 2953 7471 2252 3568 1754 9028 7852 8419 9109 8574 9021 1873 9103 7207 8767 1779 7566 7817 6957 8138 5160 2340 8178 5605 1225 4491 2235 463 8402 475 6887 6553 5855 3545 4379 4223 8737 9127 627 3898 5610 2595 1747 1762 5960 733 603 2173 6856 4530 6649 4904 4188 9 792 5856 9047 426 118 
494 4244 6454 3603 8941 1207 2631 4677 377 4235 3876 4585 3958 4491 1057 1459 7418 124 2705 2727 6360 55 361 8097 6090 2693 2419 6670 5178 6434 6955 5053 7341 1252 7226 2000 5836 1269 7820 1228 273 8252 7952 3536 8458 6875 8716 7395 77 7633 1818 7270 5625 5822 3778 4520 740 3527 949 3736 3686 2960 4516 4245 2497 6502 7099 3682 1068 4479 7358 4917 6522 2392 3774 7406 6508 8254 1143 7013 1424 7145 5705 7900 9171 8514 8402 6036 9130 8006 7972 5243 985 3586 7848 3842 
5855 8126 2702 5645 1022 5686 5360 1540 4842 6659 8066 5127 3086 537 1528 6718 9077 6505 2037 845 4187 1191 6314 6887 4945 8742 531 6522 8455 3551 1482 264 953 2960 6535 5398 6457 7425 1333 956 917 1633 5297 8669 8804 4816 3873 7281 4786 758 3567 254 3973 5072 1377 5926 6412 6027 2263 7513 2147 5768 3232 7850 4613 640 888 6080 1231 8641 5538 4323 1965 1175 6046 6966 4067 6854 2696 2820 5626 2866 13 6450 837 8098 7178 468 5647 665 5571 6620 3682 1380 2748 3566 
374 8242 4408 6223 4533 605 4171 4091 6503 4295 9118 725 5631 95 6335 4345 6657 707 4130 7982 5006 5888 953 4727 4494 1140 1323 5832 1400 3541 5556 4822 7105 1610 6552 8967 1246 5815 7493 5513 4344 3350 516 382 1068 4096 5211 3925 3451 76 2563 6196 4693 3790 7553 3729 1213 65 6500 2528 6681 2367 282 9063 2200 3180 7534 4653 1344 6323 6818 4113 2195 3496 4645 2550 8157 13 3569 4380 285 1136 6019 9098 5005 1521 5240 1447 5840 4898 705 4841 3768 4871 7811 6052 
7600 5180 7053 3588 7116 4150 119 22 8300 2210 8531 2304 2183 233 1043 5969 8089 469 8311 627 4395 4429 4528 1341 4348 5180 5014 2981 3017 7312 2435 7571 3774 8543 2250 7376 6009 1827 2263 3101 3767 5670 1765 1376 2973 6393 4950 8442 5541 2334 5810 7220 6947 3013 5183 7383 7795 3251 7224 4058 8130 3391 8110 310 1397 7543 7160 4822 7481 2399 4056 3242 5032 8281 5164 8155 148 8352 7758 3865 1524 5358 5640 5647 9065 3646 311 6648 7275 4012 8955 2379 5909 632 2200 7314 
4489 41 8684 601 1025 206 7053 2113 1395 3936 7294 7988 3296 579 2446 3251 5434 7659 6222 2890 1520 5019 1965 5157 7703 5705 5170 4029 4150 6046 3540 9131 3246 2841 8569 2973 3268 6483 7177 9062 8269 4445 4399 47 7157 5701 6060 4811 555 696 6487 5417 1197 193 7349 226 3243 1968 8753 7411 6042 8725 6904 3204 4760 5612 3955 8422 7799 2259 3938 8348 2665 4725 402 4496 1862 8971 1339 8295 5500 1017 760 8942 915 7316 1891 7091 5979 2307 6476 177 9141 323 1430 1827 
6396 2628 2735 4729 7694 7985 5546 3176 3066 8397 2811 7196 8776 4344 7374 8841 1503 4178 2308 4575 1175 5110 5323 5660 7004 8551 984 187 2299 649 1348 2442 6028 8134 2048 5785 8828 7761 5367 1358 3894 4231 5311 5782 5742 6769 6906 54 3082 7270 6479 4415 1965 4558 6145 1952 4065 1537 1577 1237 8671 6477 6036 5054 1022 23 5691 5514 1207 5657 347 4050 4177 8137 49 2498 813 2010 5716 4722 7856 731 1966 3667 3784 8958 6680 7620 6685 1524 7825 2756 5846 755 4123 4034 
2565 7897 8755 6545 2992 5226 8427 7799 7549 8885 6309 2149 5625 8086 1902 3136 645 1108 5620 5213 5597 1642 8742 12 326 6755 4455 8779 8788 8926 7278 4508 5973 434 701 6897 2142 1322 9147 5571 4847 4977 9072 3905 5701 8713 6365 4774 2621 4981 3062 5283 2784 2295 1341 3068 7823 2676 5372 6447 3276 5747 1055 3918 4002 4164 4267 4078 3507 8765 7135 2104 732 3616 4070 3356 5510 2456 5941 166 8844 4322 2951 8809 2500 5513 1651 279 2348 2889 3494 2867 5299 4373 195 3293 
8353 1077 6868 1228 1187 3975 7531 7771 6519 6373 3929 1722 1840 8871 5386 837 3623 3903 5243 6897 7294 6403 3802 1250 3666 1032 1465 2587 2685 41 1518 2125 1540 1319 1545 6096 36 2794 626 687 3316 8166 6431 7901 6327 8089 4848 390 3520 3888 8359 7553 1794 1610 3463 737 6451 8660 1416 2475 7325 4883 6451 7586 5505 8384 5408 5437 4392 4173 1802 3514 3463 2374 2700 5707 398 5331 8059 8303 1037 9049 4063 7004 4931 1601 910 6296 3845 3024 2919 5031 2952 7989 1576 4831 
3787 6818 237 2903 7843 4498 8518 5630 2404 5416 755 7112 2857 3256 3902 770 4545 4191 6133 6087 7478 7116 2051 6539 2811 3874 6058 9172 7601 8182 1632 2057 9110 2163 4163 4707 3467 669 2361 4096 1216 4530 9128 22 4350 4012 4303 580 7568 4324 3263 4 6863 7121 6138 829 3657 8941 6310 5109 6029 2744 4462 804 6038 1494 1014 5284 5330 2387 3320 3652 8653 6919 1024 507 8319 4117 3264 1337 4142 8589 6161 3929 4097 1329 6791 3379 3107 85 1711 9167 1936 6879 5352 5172 
4223 7278 731 3678 3436 7576 4248 3405 8385 5963 2382 5690 1312 3668 4519 4325 3152 7422 8638 3849 5825 4307 3262 241 6589 1662 4120 1316 1582 2512 96 2364 6662 4065 3525 4565 4686 2383 8747 928 7119 5794 1767 9111 2135 8400 4118 3147 6824 9179 1946 3673 1795 4504 1458 2555 1612 1676 3381 954 6618 3823 6507 5698 6621 1490 9096 9038 8300 1116 4550 7618 5931 1840 7710 727 1430 9195 7842 4208 6636 3273 7546 8844 1722 6247 633 469 5890 1955 91 3413 2825 6047 9117 8520 
9146 1509 5369 4364 4794 8356 381 5684 2313 4377 6727 7869 1617 6665 6623 4184 1743 1130 4401 6886 7643 6177 8741 4098 3861 8934 8669 439 7214 5957 2186 3666 1360 2493 7403 1875 4651 7691 356 1405 6557 5761 7351 3085 4605 3983 2145 263 6149 3427 3731 7339 4697 8621 3531 1543 5048 6011 5135 4774 3518 9028 8134 5990 6739 7424 3123 8295 4532 7796 5007 7712 1820 3980 193 395 526 1760 700 6528 2626 5209 4981 8992 3114 8173 128 8040 5151 2693 1862 4069 7725 6912 8933 2182 
2168 4433 5540 141 8777 8644 5137 7328 441 3678 4026 7164 4600 2145 2948 4809 8250 9198 2987 1928 4416 8133 9046 1448 3454 2857 4566 1848 5614 991 379 9144 9073 5716 531 3592 2781 4574 1280 4994 1959 795 6389 6691 6958 7798 5965 4068 7842 3272 1287 8487 1423 2074 3426 6221 4874 6793 3089 7268 3958 7490 2331 1278 3315 7597 2131 8477 101 679 622 2890 3356 9191 3526 8388 1317 8578 2218 2518 2092 1417 1887 1345 7948 8656 8120 217 8693 1994 8269 5420 9017 7312 3419 4700 
2227 768 7480 7182 7636 3586 3697 6779 8268 2278 4482 6820 1361 7145 7217 8098 7566 4823 5255 4891 2475 3018 5484 4817 7541 16 7902 2388 1963 8490 7117 984 1124 7153 2967 8993 1055 4052 283 8602 3433 7228 380 7302 8997 7696 116 1614 2427 3924 1106 3064 7008 8940 914 5049 7869 3711 7703 6817 8511 3191 4103 884 6074 36 6211 2201 5690 6656 1153 6956 6824 3597 6409 8494 4118 5723 520 8412 8359 8102 6292 5917 3102 5659 7485 7956 6401 6203 7756 3286 6761 473 1947 2357 
7273 5437 2576 187 3353 4203 8376 8114 6206 1149 6524 2400 6039 2349 1922 2129 5575 3695 7458 4556 6618 3643 9091 1639 1397 8296 4562 2487 1951 1716 6686 1823 6694 6880 467 5577 1967 248 2002 1459 2142 6065 3625 8161 5918 7403 2420 1969 1421 4181 9167 9035 4231 3631 3446 310 3918 7211 1276 2312 4947 4717 2340 8502 1699 3762 608 3081 6897 2956 3556 434 828 8651 1125 5492 6684 5624 627 1023 8879 4091 1136 2269 7706 8924 7212 6405 1982 1702 3615 2190 8697 6759 1089 6525 
4502 5205 138 447 3538 1547 257 4658 4876 4848 6019 8413 1544 8888 6931 64 2527 5636 216 5575 4743 2853 4791 3416 507 5374 5517 8203 1543 7687 265 8185 3250 7534 8997 7981 7495 88 4415 3000 5122 3397 8408 5857 5716 913 488 3449 1491 2326 6363 1867 6082 9199 5676 946 4920 6744 4509 2374 5103 689 2832 8878 8107 5537 6917 6809 2116 4183 8369 7368 6226 6380 2999 2627 4213 4836 9093 2731 1854 6612 5710 6319 3518 5149 1439 7065 1705 3030 6817 0 1573 3016 4074 6560 
7221 8850 1791 8262 5053 1517 3946 7653 3121 6154 1396 6087 3038 5400 6784 1245 6357 8930 1284 5943 3695 4244 6692 4751 386 4254 8941 2559 3359 3761 6955 1747 6660 6118 2023 4729 2725 2814 3968 3477 466 8900 1380 3633 4612 6287 7020 4882 5962 2275 7890 8741 459 7223 6863 6168 5879 1490 6869 3846 3919 5839 3686 3658 1741 5951 5264 1397 1520 1901 8453 3162 4456 5948 2267 582 5723 1453 2268 589 7506 4733 9099 6847 4548 6123 1204 7610 1084 663 4270 4313 7465 3462 7473 522 
7746 66 8654 2942 4244 1311 5647 1209 1321 7576 6955 713 4695 8919 3942 7571 6050 2131 1283 7240 591 6804 3815 759 2182 8210 1228 829 5410 7739 1310 1559 8729 1172 1653 2264 2947 2039 6832 9014 329 6138 2474 3198 8555 1136 1436 4584 8429 5385 2831 5125 5471 7445 6780 7508 264 8550 3458 3061 7086 7762 8642 6261 3589 8151 5978 4039 2482 3546 253 596 1018 8840 1964 553 3340 5341 1043 3663 1511 5443 1922 1336 3817 5714 7814 6229 1270 4022 804 709 833 302 4273 4391 
954 945 2897 1168 3092 4779 4362 4760 2417 9061 644 143 2221 2178 1375 5070 5444 6053 3633 6439 8417 6960 6171 1406 5508 3624 2054 2417 3150 5172 5503 6707 2796 964 9005 6518 8606 4175 3307 5766 995 7860 5510 5747 451 3522 6676 3431 5048 7379 7407 3862 4922 8851 5709 7250 4582 8670 3197 7102 8522 6855 4544 923 5455 8630 1474 6846 8004 5801 7348 4770 7043 7835 2567 8346 1986 3329 5318 3103 4088 4977 1936 8263 3049 1374 8753 4695 2896 5630 7901 2927 8873 8780 4360 3939 
3736 6441 7141 3755 2041 3998 7800 368 8837 2876 4954 2502 7197 2213 521 5881 4790 2083 9193 6144 738 6773 2779 7951 7415 2987 2937 3144 734 4647 8427 6545 5242 963 4201 6528 178 3857 3661 883 6429 7869 723 701 4681 7439 3185 4859 4776 8589 6605 7044 5656 6845 4448 5118 2062 7688 8357 6158 4702 8123 5373 1063 1705 294 4130 7556 7267 5863 2630 9008 3455 3393 4039 6722 6074 7333 7313 1831 6273 3155 7953 6680 1408 2330 7378 2218 1992 5691 4789 7812 1948 5740 7889 6954 
3801 4856 6629 8952 8191 3843 8822 1323 3040 1260 1930 2330 9187 4043 5375 3202 4853 3865 1928 3326 4878 623 3653 1685 6491 871 7167 6510 8973 7071 2557 1182 1214 8412 3717 5154 1659 2378 1266 6120 7794 482 5486 6664 3129 5348 5709 528 5816 7812 4359 2940 693 2465 6351 2373 5115 3760 2260 144 2853 4791 4115 3207 4620 8310 8407 2373 6347 1440 2511 9195 2411 1606 5834 4560 8240 2133 2833 3285 8831 6454 7008 5845 7786 915 1411 4667 6362 3898 5002 7599 88 4377 1193 3305 
6776 6505 430 5286 8674 8680 1823 6071 6910 574 8943 6966 2363 5249 9181 9172 764 2004 8298 5710 2593 3882 9077 4350 6957 1577 7284 2190 3353 1577 5457 6599 2996 5467 6110 1671 6837 4614 1271 4049 8031 7149 819 3839 7887 1485 8006 1042 741 5378 5110 6954 3021 4425 5048 4881 41 5792 3559 753 1501 4938 2464 8486 7542 3055 2108 5422 8759 6112 363 5821 2242 2935 5866 6125 608 4764 3552 2195 5869 7525 9179 6317 9059 4309 1378 9207 7937 7621 7222 156 5399 6113 2858 1802 
1393 3785 7580 2270 5470 4951 1167 3327 4955 1792 8038 5831 4961 3923 3647 1627 6600 9119 6122 7195 5846 690 5509 8501 2281 8891 437 1876 9020 1361 7555 1398 9049 1421 1232 5084 4891 2641 7287 7450 8543 5804 5117 590 5959 7766 3319 5229 6186 8277 8697 6329 540 1475 2870 591 5397 6822 1721 6876 704 767 7743 6256 6370 6622 174 619 1125 6322 310 915 4865 8351 2563 5960 1414 8 4252 8143 5320 8748 8667 8138 5926 4844 1929 8392 5305 170 8598 8441 5142 8782 5361 1530 
5569 1890 522 3791 8238 6237 6370 750 7796 7421 7371 2168 8081 7885 7618 4995 3156 7622 6501 8338 8683 3346 7570 5158 8969 7660 6814 2413 435 6818 4911 1561 7080 8124 2999 8524 875 311 909 2991 2030 6634 425 674 3293 4874 7932 4237 2436 4553 6250 6229 7261 7449 5733 3563 7482 1422 4135 8702 4107 6497 6284 3793 6733 656 4745 2087 2320 6435 2893 8282 8611 906 7154 8331 3805 803 2272 499 3338 8919 4287 6744 8817 5604 6422 5532 1663 6325 5765 1648 6546 3565 5787 3109 
867 2434 341 7075 2576 8198 7220 4466 1989 3074 3322 8949 6407 7035 512 7352 6556 9110 1591 5086 3611 6231 2745 2237 1036 8837 3083 5253 1723 1450 2290 3099 6814 5174 1262 8708 4448 7107 87 7548 6281 4980 19 2215 4300 6774 1778 2015 4078 4264 4774 2092 9038 6999 610 5841 3349 34 5389 2051 6650 4093 3363 4789 434 5200 7209 1934 8179 3135 9162 252 6180 5 5779 610 8611 1145 5704 8301 3762 3251 2529 6276 7167 9160 1316 349 4814 8368 3040 7853 965 7753 3779 1528 
5203 4469 985 646 1214 1886 4257 4726 5321 473 9166 3820 254 7144 151 8549 8861 8282 2491 6188 4129 2189 533 5094 4203 3412 6359 7239 4750 9203 5990 487 8246 5447 7890 4911 3253 8451 6896 3693 4780 5908 3350 2824 6738 5414 5235 973 7780 576 6665 2151 4521 7819 4679 6125 5921 4400 4679 5782 5833 6750 672 4232 6414 1899 489 9165 1740 7954 203 9063 6145 5083 2498 3450 5907 4760 7792 8871 2746 3851 3230 122 5259 3237 4303 2297 6690 2409 4227 8541 4844 8431 517 477 
6286 8581 5105 7333 7158 7536 582 486 1276 6736 803 1798 3764 3233 290 2808 3666 1374 6478 423 8890 7104 706 6285 2724 5412 479 608 7017 266 2345 4075 3692 1849 3519 1018 5928 6657 7541 2158 5073 8856 8335 1649 8873 6566 8477 6084 4579 6620 3566 3892 6188 703 818 3628 7130 387 7856 2403 5812 2578 4512 5814 1116 7724 5670 2576 4437 3240 8811 9093 7349 8920 5978 7294 4712 8714 4340 1551 30 1835 4689 5733 8914 1671 7988 3931 3832 5547 7497 4139 5443 3436 4861 3137 
6672 7680 5626 6443 7538 5961 7998 6573 8667 7986 8919 7154 3939 5170 8509 2268 2488 3566 5195 2684 4771 7675 3548 2973 6962 7873 4606 5755 6536 1659 5846 3217 3389 5210 7184 4496 1139 3529 2048 5996 1910 2508 1114 6543 8463 6274 2186 1329 8550 8393 4017 1215 401 5632 62 8312 4541 8167 4900 1559 3063 7843 189 427 1432 1247 4411 2434 6475 3596 6854 5955 7100 6856 2872 27 3295 5469 4977 6672 6106 4192 7767 3185 1936 3450 1389 366 1483 2627 7439 3780 6918 4426 7752 1937 
6356 1329 3152 7493 5359 4085 933 3513 2785 7244 2244 7258 5704 2855 2180 5245 9162 855 8208 8919 4758 4427 1663 5124 3218 247 1554 7749 2854 6097 8969 7239 8869 6389 4642 5918 2643 361 6319 1361 1815 4730 82 3342 2750 4165 4184 1918 4585 3666 688 5939 4757 6234 1671 1982 8517 4393 7809 6238 4814 7582 5269 4051 2239 3536 4485 8016 2666 2635 7673 654 7315 3960 6967 7933 8629 7450 5505 4117 4331 2037 524 715 8578 2953 3736 8736 6424 5628 2224 1747 7792 7189 5760 8247 
3798 3940 9038 8223 3113 2176 3479 4085 2442 1897 4295 8426 5280 11 1171 8520 2437 2276 6135 5347 4944 444 8647 5805 5951 7315 1268 8553 3201 3738 3678 8568 5790 5975 7760 1487 2180 7147 6045 5642 5679 8304 4692 8089 755 6524 5154 1048 7785 1987 1093 1725 500 8153 6441 6891 2287 3092 8609 1507 373 3727 9155 1434 9164 2379 3936 5797 3694 7793 8734 9041 5302 3763 1844 3535 548 976 2242 908 5197 4406 3275 2975 8546 4289 8144 7772 1370 2466 3850 5 7103 2907 5187 3232 
7186 1766 4433 6884 732 7157 4400 4173 1363 7253 5307 7247 4517 3948 263 6311 4579 2017 5468 5324 7053 5466 721 1669 2486 3168 899 5524 9172 3680 3953 5264 806 971 1271 2256 5314 5724 5861 7043 4666 8569 5692 4573 3818 7859 3461 8812 8161 6248 9165 2441 5226 2184 1344 2793 6454 3444 2913 1619 39 6914 4835 6508 2747 3485 2343 6318 2323 6538 6995 3447 5024 3141 8459 2878 6505 5642 207 6624 6394 1391 1009 8984 2541 814 5169 2318 2318 5121 247 7174 6445 678 7723 3385 
6789 4098 692 2241 3780 1890 5260 4269 9143 3292 2173 5940 2708 8148 7035 2567 1507 922 1948 1215 2057 7217 3768 5238 3186 5419 2201 2673 5466 7343 2783 3066 8249 4253 7283 2381 4809 1992 8870 1448 1717 3426 485 1669 5599 3190 2075 3044 334 6542 1699 4033 5299 116 7656 7846 150 7190 1180 7001 1314 2691 7313 5045 9097 5905 1847 6294 21 8353 947 8942 3789 8699 7320 2037 7360 2643 1860 1661 5105 8173 5850 7011 9182 7900 3287 2849 6319 1510 5459 8833 2808 1923 3286 108 
1579 6404 7637 6881 8093 4561 4040 6401 3123 5323 1513 8262 7849 4560 3978 7892 8318 7516 2067 8424 7040 3148 7320 1901 2543 2494 3347 429 9041 4373 835 1060 6098 5657 7456 7793 5205 2363 5369 8806 1307 3574 1324 5694 4366 336 6529 9198 7083 4735 7204 5012 7051 937 62 2828 1932 5316 8239 6306 3232 4765 2410 8929 2610 6132 4076 1930 5936 1731 3930 6048 6585 1951 9142 4768 9061 3384 5053 8911 8235 7675 5857 171 1523 2518 4318 2947 8889 539 6395 7459 1882 382 2784 8871 
6399 2617 7950 6256 1827 6223 5374 1845 6210 4588 2266 49 1824 1003 7890 3706 2738 4210 8733 9074 685 2488 5517 3158 4778 4839 972 4852 3571 7453 1336 9081 5613 3724 6489 5480 3361 3520 6651 6567 7401 6913 7661 8116 947 7630 340 7156 4597 4234 4524 5420 941 2099 1885 8969 7315 588 758 985 3295 3805 4104 4956 176 4241 7073 2229 32 5373 5220 7547 6625 4864 7746 9197 8851 6469 5079 8770 1702 6885 867 7453 3303 2090 4451 1823 5033 7534 6859 1943 6801 547 1251 8788 
5885 7660 6331 1692 8465 5607 8268 6965 2912 5134 9005 1440 1844 3763 238 4709 6011 6697 789 137 7246 3713 4275 3613 7454 882 2465 7153 1917 4178 3932 7781 7303 7745 7547 4447 5867 4709 4041 1368 8090 3663 2051 7057 4874 8316 5423 7012 295 3832 3735 5813 7639 3613 2145 6023 40 378 972 8363 5657 8399 265 6035 2818 1844 7347 6468 5792 600 3821 7274 5825 2023 7703 4741 392 773 2860 6721 8798 8184 8635 6372 9077 2018 5504 4321 506 2731 5023 1929 1751 8445 380 9185 
6690 2153 6969 4238 3877 6055 6093 3821 8970 250 4286 4415 3107 178 891 3586 5076 6603 6744 5723 3358 6835 2854 5550 6600 2089 4462 80 8235 4161 1610 5972 3995 1924 8161 898 366 2612 1661 5478 7338 9132 7499 7300 3663 3558 8366 7081 7229 7959 2112 3164 1219 9077 1638 3956 5318 1304 3982 5315 1675 3070 4872 2032 1825 2089 894 1122 5230 6115 3345 1624 5588 5154 7954 4886 5503 3334 9050 2618 7246 6270 4423 6701 3675 6411 6739 6581 2601 5789 8786 2214 1129 6041 1352 441 
1641 2044 1252 885 6425 4249 8093 6729 2748 8318 5992 1467 3368 629 7699 3771 8889 3238 2369 273 3032 3162 8195 2550 5923 4058 8207 3518 1594 8310 8351 8882 7461 7841 6376 6908 613 3641 5173 1979 7574 1253 3488 5943 3773 4248 2413 6190 2100 50 8707 1101 3375 6213 8840 4026 8938 5620 4376 9166 8817 504 2721 736 4363 4540 605 2876 7492 5288 4845 819 1686 1916 7951 8268 6579 8146 9212 3992 882 6597 4961 7459 3155 3505 5879 5255 5809 6160 6081 6298 2435 7555 5858 5191 
462 6386 2584 634 171 2506 2521 2869 3056 4197 7944 9152 7038 6792 2644 9213 8487 2565 4909 3801 1337 6017 2148 7135 5548 4944 8287 999 6627 8828 5877 7915 7458 2533 748 8441 7565 6530 268 69 5593 3525 3807 5718 5010 8477 1800 2657 5127 5013 8510 1715 6613 666 8163 2887 7439 7897 2373 2935 2055 8775 8816 5328 5820 3130 5549 7422 3807 437 4764 6374 3715 961 4585 8915 5986 3574 686 1479 4294 1817 9061 9203 1563 479 2184 7747 5134 976 2759 3856 6753 8263 741 6649 
8270 7573 8496 7884 1429 582 1691 7581 6692 3195 3450 1529 610 7542 985 3893 4633 2869 1400 991 1022 5685 3943 4694 7133 2391 826 3190 2405 2528 7146 3179 8590 5531 2632 7335 8355 8473 1822 3310 3823 7193 228 3726 8712 6658 7964 3501 4275 2189 331 6586 4978 7807 2964 1797 6065 3220 7922 3947 1929 7800 3857 6186 1070 7662 6090 2771 5372 1555 3130 3933 2329 6333 4477 4437 1478 5118 1804 3635 3911 3524 7857 4809 621 8098 546 3541 5309 8361 5186 7605 8511 1904 4079 5946 
5092 6708 8841 1940 2452 8984 8193 7021 7892 8845 5785 8467 7953 2508 8253 8141 1675 4992 8062 3662 2273 1154 551 5703 3637 5820 9086 7959 7419 2095 6169 8606 2659 7183 5465 815 3937 5131 7816 7588 7253 7083 395 1675 6492 3027 5444 3965 4403 5220 4998 2447 5314 1538 5301 1506 5453 8688 7930 5462 2866 8726 1825 3419 3936 8997 3343 9191 8533 4817 8675 2180 977 2109 3495 3201 5660 6261 4787 4168 6129 8468 6302 5072 8710 1798 8418 5161 4409 2920 6923 3124 3672 3212 668 6773 
4237 1304 6270 8705 100 8014 6693 8338 5499 3686 1090 3001 197 4119 2846 2866 3450 7220 6810 3667 3743 6259 6080 4767 1837 8778 3589 375 737 7410 6686 2800 6559 3470 4219 8128 2948 9060 3428 7249 6023 2633 7343 5880 7882 284 5915 4927 3715 4712 2893 6238 8834 1325 3172 3273 1630 8121 3131 227 2880 7855 1850 2768 8267 1577 9177 1383 8103 2810 1971 3143 5673 1548 3138 2817 9120 9192 5437 6515 8639 597 8843 5940 1954 4631 5090 2091 2046 728 5121 8250 3050 7973 8582 3096 
3140 8847 7021 317 4033 2034 5925 6902 6037 2514 7760 5784 1211 736 1560 2257 9186 7325 4649 8730 8692 5654 334 72 1859 5325 7596 9026 4946 2488 5781 8909 3902 2147 8714 9091 7368 6704 9168 227 3072 7103 5165 8833 3470 3688 7231 7774 5024 8165 1530 8786 2923 2573 2492 8870 5472 6331 911 6078 5614 4045 5626 7411 7405 4936 8324 6783 8622 3993 8134 4241 7580 2038 300 7553 910 4323 6216 8478 8621 2257 8146 5922 2045 1249 64 2759 6537 9158 7678 3443 4655 3272 7499 8846 
7941 8420 7599 3700 8039 17 5916 5766 2207 7325 8865 91 1583 1718 2245 7700 7357 4613 8070 7629 7580 8053 494 4656 1267 274 4942 547 2188 8716 1050 417 1339 1242 8801 7591 233 7547 999 7492 828 3543 3040 5587 740 2628 7755 7238 3461 6182 4841 7576 1084 5294 473 7268 3792 4546 978 404 9079 8957 8188 7730 3394 7373 6507 7258 4901 4027 6713 2384 2471 8648 3646 8878 8482 2034 5999 8374 5816 5590 6608 8134 8659 1391 3351 6889 4182 3324 2527 5513 2917 6400 7301 4675 
2765 7267 8099 211 274 6326 2087 2350 8724 3220 8463 2479 5725 5668 5315 617 265 1978 1550 923 594 7325 7866 5441 8376 9187 3528 7623 1737 4985 841 5593 9106 7487 6108 5973 4002 4176 8645 6498 8375 3167 421 3994 3592 3388 7388 6755 6958 8310 7032 603 944 795 9176 241 4394 411 3553 8209 5656 6091 6108 4855 6980 4869 3819 4645 2506 3180 7462 7279 1989 4429 4951 6964 8600 929 5197 8103 1499 2223 6113 3915 479 7118 1923 7549 3296 840 8831 43 9158 2395 7122 3491 
5016 5977 6051 7558 7294 8431 1632 4827 3953 2434 1910 3391 2177 3509 3500 7994 5058 3847 2845 7086 1748 7066 3792 105 4366 1038 502 5081 1095 1420 1727 991 5184 7647 4825 956 3761 9148 1926 5928 3566 4386 2392 2177 1078 2524 396 7200 4504 3108 6913 2760 2691 6498 3283 7480 2280 6417 3224 1760 7694 9155 3638 1456 6898 6203 7008 267 344 3256 3243 3546 7026 6737 1617 2494 5164 4219 8833 861 5650 7848 4960 2525 4831 1546 3744 6511 419 1398 1211 771 5519 6499 1485 2329 
9056 7697 4620 5048 1894 2502 8165 4471 8752 307 435 5048 5591 9206 1310 6133 6627 9017 8718 4146 3037 1143 6987 1170 5746 6751 8883 4102 3392 5585 8982 1568 6976 7429 2482 4102 2513 6859 6470 6785 4701 2028 213 7989 4266 4272 9209 1771 3007 5241 7904 4874 7024 3469 5096 37 4232 2801 211 942 403 624 5543 711 581 5307 1829 4153 6026 7594 3811 1917 3627 3745 1800 1784 1562 7437 932 6981 3162 2830 938 6570 1421 4143 5002 939 5916 6224 1903 8637 5373 7845 6930 5907 
2596 6871 7481 2197 6536 4680 8400 5359 6608 2932 6562 4038 4506 6515 3764 3588 2664 2458 1086 8532 4136 4418 2887 170 8031 3488 3292 9209 4081 3027 7916 7432 4751 6909 2243 1887 3773 5768 1313 7515 6015 650 7159 8289 5279 67 3517 7727 670 2243 8819 7502 7989 937 7730 5796 8326 5126 1389 550 5348 3423 7881 1194 3387 7889 3223 3290 7198 6735 5098 7493 9068 7687 858 1423 1693 6627 1875 1225 7086 6956 4634 7899 5287 8264 7518 3870 4038 4772 7031 3590 7242 5293 3645 1020 
7645 1527 4487 3914 3230 1921 3903 2864 3019 8720 6943 7699 4360 3255 3082 5333 6734 1400 3337 4416 8307 8709 992 2459 3153 1695 8013 5983 5270 1312 732 7940 4648 532 1642 4852 4402 3585 1844 4001 5328 5319 3226 6834 9043 7458 3702 3928 3377 4685 2835 6591 3212 5569 4812 8097 3933 7964 2883 3060 8765 8220 4154 8132 464 714 5137 3611 206 9139 6621 8476 175 4689 3873 7727 6899 393 5931 854 5387 590 525 926 8423 2659 3383 1202 8221 1341 7086 2954 4019 262 4075 7744 
6793 8638 4434 8451 7270 4220 9037 8228 6045 1235 4101 8526 4955 4688 4285 6611 4240 6175 458 33 3960 4300 6195 8787 8133 5159 1761 5092 2411 8514 387 126 8199 1684 1793 6640 4845 5696 2458 1855 8140 7279 1692 6867 8704 5593 8127 5586 2165 5219 4127 650 7218 8163 3797 4104 393 5375 1328 8390 1498 3123 2709 2688 8191 753 4080 1319 5463 1250 4310 7919 5490 5963 7225 1923 2646 8331 4807 6232 7020 5568 8415 31 1290 1162 8752 3924 3742 2791 7408 8180 6515 4926 1719 5707 
8739 5751 8438 4331 8858 2631 3862 1465 2754 6537 49 8737 7633 3272 7783 5225 4651 4313 1502 7203 3572 8613 7514 7101 1590 6917 7797 3378 7852 4550 2939 7139 7209 1739 8420 4480 1960 7762 6255 1056 1009 6479 2007 4977 7140 8948 8500 1801 4965 4178 3825 4059 1252 8217 2406 2757 6535 4219 1042 1605 2551 2351 3190 2380 1476 2962 1168 4395 3958 1768 3827 170 817 3775 2687 1592 7683 372 9155 7996 9166 1231 3564 649 1485 8906 6503 1009 9156 111 8731 4849 7624 6367 1852 7817 
6312 2670 5838 8239 759 2028 2743 8153 8375 1023 3454 1848 8100 6316 8358 1541 538 6388 3745 3443 675 3739 7795 5316 8737 516 2788 7416 5780 7735 4961 6560 3209 2821 2161 208 2336 3907 7631 50 2744 7473 2088 4408 7737 3839 7282 6761 4861 2405 8934 6109 9052 6768 2972 1220 9170 2653 4802 32 8911 7326 3705 1683 7964 5881 1101 1874 7909 5328 2126 1593 2407 1147 1999 249 8503 5329 6587 364 6444 4294 8847 777 1514 814 8695 3443 6668 6304 4105 3628 6893 6518 24 9062 
19 7664 1846 506 825 5752 3146 4210 4856 5632 1994 6464 6673 7303 2324 3602 7513 6075 3951 6717 5697 7097 1177 4694 5121 5616 2828 6880 4449 3107 6610 5151 7460 5516 7169 6411 4881 6174 4566 3936 5023 4068 4458 5842 1084 1669 275 2398 7738 8424 346 4796 599 6388 6292 4337 3815 8560 4639 4096 2720 6666 3899 704 4610 2419 9090 6857 8545 5031 773 7560 400 5706 4101 1139 3372 8494 587 6742 130 3313 1572 8139 1566 7620 4349 8391 7665 3142 407 6481 5406 1678 1510 1871 
1121 4936 6284 1913 3868 246 4077 9070 8448 5976 1262 3813 1108 2279 9039 508 1765 3707 419 5804 5002 7948 6888 862 4691 6549 7111 3222 2382 2836 7529 6094 1013 1710 1011 5470 7991 3568 2720 8086 4129 6961 1914 5358 3881 19 5301 3925 2583 552 3496 2725 4753 9137 3432 7224 5953 1665 7427 7572 7589 8960 9046 3137 4722 8523 3212 7356 8870 5753 3891 2692 9001 2041 252 3921 4383 791 5391 4964 5325 6813 4617 6393 6437 4246 6547 3290 2543 1582 5024 526 6806 7093 8003 5806 
9101 3778 7978 9175 3164 4212 1979 1723 3147 468 7369 4306 6057 86 3315 5423 9145 4222 1177 3309 4922 6304 3708 4296 402 1471 9201 4551 662 2199 706 3863 5368 183 1697 756 4430 8133 8266 2240 9147 7909 2100 1590 8764 6197 5875 2488 401 1648 8493 4036 3781 2226 4406 389 7004 6234 6219 1670 6681 3851 1384 1921 6761 4813 1990 8278 3183 2642 2805 6935 9133 5970 6801 3648 8780 3351 4004 4 1800 6421 1432 7362 4026 945 6359 1686 4739 8994 7425 12 8082 3701 8393 9200 
8595 6826 3437 2113 1717 3068 1999 7748 4181 4414 6453 5556 8012 5985 2458 2326 722 2834 2478 3371 4109 1664 2673 383 6202 315 5223 2079 6007 1080 5241 2664 5674 4081 8296 8441 1810 8873 4334 4298 3048 3277 1907 2902 1713 8566 7529 8180 8611 5388 836 2116 7089 7172 2329 1476 2997 969 8914 7810 5177 9145 524 1772 3554 2118 2957 3779 1658 6717 1637 2862 2713 8227 2720 3051 3054 9147 6564 5536 5679 2469 2606 4944 4251 2337 4580 2281 2600 8688 662 5369 4687 2651 4373 897 
6256 8013 8112 5090 7138 1179 2632 5108 3739 8036 3599 1590 7289 5268 5857 6431 1323 7554 8254 1427 8895 2233 996 8817 7880 6356 5125 9033 7211 8067 4906 7211 902 5802 1956 7323 5182 8616 1194 4000 2084 2229 3860 8955 9156 7268 947 7029 2377 2888 8523 5201 1040 2995 6190 3041 7879 8089 1397 3893 578 4244 7134 4846 7898 6657 2109 6960 642 839 8096 8374 4455 56 5380 7423 9027 3471 4269 9126 9023 1945 7974 7887 2179 5361 6613 3261 7515 3940 1850 6273 775 6387 8388 5069 
7199 3830 5200 2023 7073 8541 5951 1977 1689 1042 7474 7429 7787 122 7269 2741 1472 4379 1445 8784 1547 7512 8687 7817 1975 2903 7079 242 2799 3587 6514 8398 8969 4397 7344 8451 8848 1485 3481 3886 492 4199 2803 2513 1712 2953 5997 6055 4480 4209 7835 6681 6301 7115 7055 5321 4367 6295 4880 1099 8302 809 3962 3571 332 6730 7218 4809 5186 4220 6851 9113 5014 7003 8090 6183 9094 6943 7258 2944 4404 4158 5597 1900 4653 4398 7112 256 8855 3656 6090 1104 4087 2504 2673 7489 
5789 1521 8105 1915 8108 846 1233 8062 7626 1298 6779 7884 608 5537 8128 8516 7566 4392 8510 1423 3759 7271 432 691 1924 4495 552 5317 1023 1349 5099 7867 2222 454 2537 864 8642 5670 983 9056 8380 5041 3307 5763 6835 882 3124 5623 2372 1489 6291 453 4118 599 2649 1894 5384 8590 7295 7023 6394 3844 4988 4199 821 4462 1991 7353 6520 6888 5609 3524 6816 858 8765 1552 498 6903 7751 1180 6408 5855 2479 851 1623 484 2265 668 7769 7018 7970 7184 5467 1640 8888 2631 
6117 2699 8214 8139 8129 4473 8987 814 8106 4658 7110 4664 6034 1171 1168 568 1936 6901 4198 7035 8037 5106 1602 3547 169 2631 4197 4207 2455 5333 6451 2656 626 6338 1962 4827 7058 6077 7552 1570 7694 8286 3289 5566 8455 683 7074 8655 6543 1719 7821 1411 5941 1892 1449 7333 9006 842 7325 8269 34 3504 4225 8374 144 6583 1368 3628 4574 2455 302 6948 513 6144 7883 3430 3525 4514 529 5221 441 7368 5111 8879 6075 4383 3106 4223 2844 6549 8733 7536 6511 8797 8245 844 
3571 271 500 4099 4506 6379 1080 3255 4533 318 3310 9204 2879 5085 112 253 195 6606 1657 8769 3306 8199 2241 7405 4005 4686 314 5019 4083 2623 1509 2600 7247 5228 8273 2211 1978 5534 8881 9056 3424 4666 1177 8749 3306 2495 2389 4252 1375 1132 7654 6527 8375 2303 154 4978 8702 4247 6214 7314 7202 1723 3363 6988 9049 8051 323 592 6961 3476 1710 3491 821 1818 7453 724 3129 7597 5458 3654 2115 5446 2066 7084 790 6891 3777 3988 6492 1430 6040 26 8303 820 3973 2749 
196 3017 9119 7502 6388 7344 5187 5124 1896 5632 3024 2733 1185 8203 3837 1791 1058 7936 210 3597 7674 5808 2121 1749 7922 6253 7554 2038 7503 270 2205 8830 7236 3344 56 2017 3063 7383 7557 8455 3118 4882 8198 3196 918 9020 8936 6603 4528 5694 6649 6116 2392 7985 8264 4282 1524 578 6744 5098 6453 8111 1536 2709 909 4334 6626 7758 7469 7660 1670 3375 4537 8306 1810 5382 139 1956 6056 5037 2977 2468 2908 5751 1828 6483 976 3782 7062 4663 4206 1466 151 4216 1858 7428 
5715 2821 1394 2776 1931 6612 7514 769 7743 582 8264 782 2293 1960 7633 7082 7849 6614 8910 5386 9042 7162 3575 7295 5900 5490 2074 8491 1510 1744 3575 5584 5706 6395 6587 1476 1029 4210 7703 7937 3571 8881 1277 5977 4168 9132 8183 6854 8573 376 8227 5343 5077 9 1999 5991 3466 7958 6061 2048 1433 1049 3507 4861 3879 7794 6034 1365 398 6059 1744 946 7945 2518 132 7337 7160 3603 2734 2053 2255 6446 2352 2364 8353 3173 8301 771 3653 1094 7037 5629 4642 9143 1034 1166 
4765 272 7626 3535 6427 4962 7065 2458 4533 2523 2098 7108 1912 8001 5257 2154 4949 6044 457 9060 8108 4593 2277 1239 623 7208 1501 2279 7158 7951 5263 5257 2143 3191 1335 2422 6560 7548 7813 2875 8235 4835 1882 2925 60 4508 3614 6907 4546 2406 960 8860 4328 2961 8267 4199 5438 8159 802 2177 2441 5508 2264 8944 4643 1613 7342 3214 1040 6621 7082 5402 3743 2833 4944 105 3514 1413 6656 5306 714 5424 1771 5158 7753 7723 6067 9014 997 2703 3487 1679 4942 4219 2167 2504 
5021 8757 1282 3420 3936 6760 5402 7611 6982 7819 3945 2427 356 2403 6338 4267 8993 3998 3358 840 8132 3232 1585 6345 6552 2396 1448 7893 3002 8024 258 4373 3711 3538 7432 1059 2180 4865 4842 5537 3667 4980 2296 8039 7854 7575 4345 3028 2428 4949 2604 5445 4941 983 217 5796 5004 4969 2450 3864 5952 1918 4619 2778 6782 1226 7571 6952 5743 397 5934 2898 8698 5616 5969 5361 2830 136 7994 8503 2701 4343 9193 354 3288 4785 8894 8267 4339 8668 1456 4891 3157 2129 3367 5916 
4431 1216 376 8877 6678 5616 7675 8016 2671 2083 3017 4830 2550 4759 7703 3546 8458 4905 4650 8418 1624 2581 246 2881 5891 984 3159 7330 9069 822 7659 6111 3749 1368 8586 7416 3693 3597 6498 5152 5606 4657 8628 1008 3290 8747 5669 2239 2470 2704 5826 8969 3010 7397 3731 7947 7407 5761 8666 3953 764 9105 1513 3367 1076 6197 7325 1612 1127 8648 4474 581 5267 574 2660 8430 5935 6054 6648 4842 8981 3534 389 7451 5898 4101 5291 4397 6123 6395 142 333 885 5829 8374 4344 
6576 7421 8070 6382 5881 3847 1110 6213 4267 3182 2352 153 5737 364 3620 5985 523 6536 6216 4701 4131 602 5712 7467 811 2154 8389 5625 5964 8247 4069 2901 4301 5459 3352 1313 1814 4523 1546 6818 3680 6885 7017 1975 5628 994 6461 3878 2364 3171 3806 5138 7426 8391 3223 5257 9187 7154 4310 4922 1783 1354 3852 8772 1344 6363 3623 1321 1972 9114 7337 8161 7144 5575 1125 5387 5979 1387 9174 3390 7517 6913 3868 3454 410 1585 660 1738 6471 3255 7442 5330 4328 6499 9150 1478 
1211 313 7560 8522 6597 4280 8265 134 2422 6968 1400 7513 7675 4716 2181 4781 1313 8200 7381 2021 8161 7036 8539 3444 7308 2525 6096 3207 1428 6629 3470 5090 3828 6673 2062 5065 6205 8937 7932 6932 1342 8028 5620 3942 2896 2377 3036 6775 3387 6170 1502 3724 4040 5003 7168 1032 3301 5257 8545 541 7022 8757 4626 3227 7582 5383 7310 3305 6161 2575 5336 8209 8053 1111 1840 1012 1741 6757 4209 5535 2145 3549 6666 1718 8006 5954 9111 2061 7045 6109 7195 6998 4843 950 6364 7668 
3181 2495 7131 8942 3125 7185 4079 3583 2637 589 4221 6602 487 4133 5846 810 8006 2547 813 4008 3661 391 2867 7430 930 254 5201 2040 6783 5581 1921 2034 3349 7645 3274 8732 8605 209 5206 2403 2556 8035 2865 8617 7185 6892 8608 7196 4255 2818 7452 676 5842 6971 3050 4214 624 1808 3160 1478 6813 2525 406 1177 8010 6405 46 184 3900 6707 33 3264 8373 3003 1696 6743 4801 1310 3428 4985 6430 2476 1450 8944 8392 3908 3278 4578 5921 4919 5251 7300 3514 4939 7341 1005 
7361 6364 5339 773 8711 1052 9060 4252 1707 3450 29 151 1384 2849 3252 2629 6009 4247 1196 4559 6693 7814 3829 6862 4842 5272 7975 1527 4170 891 6235 3057 1324 3332 9126 3911 241 111 3123 6009 5653 7365 3836 4909 4477 6998 6181 899 4195 4198 6133 646 5850 8164 7537 7870 2304 5205 4247 3554 4288 3536 7732 7338 577 3874 3938 7619 7407 3857 8866 4572 4900 958 6290 6878 8818 3620 586 3128 8847 4029 5977 4695 8414 2115 5463 4917 5782 2451 6951 6665 6033 6062 7628 7196 
7091 2778 5348 188 5365 6630 2244 3657 1037 3722 7218 620 6588 5612 7097 9064 4787 9023 4269 3208 1059 7814 7611 7096 7904 2423 4908 1584 9009 2170 6326 8779 1846 8656 5887 6262 5622 2257 7855 324 8453 4942 7984 7837 8910 3861 1797 5655 7043 2450 5060 4701 5790 914 2993 459 2834 1827 7929 1052 3091 4504 8840 1339 8319 5033 6791 2869 743 1462 6773 6480 2110 4652 7393 7733 2845 1025 8386 3912 5553 9049 8819 1816 66 7754 5709 5362 1632 957 4835 7056 8364 8811 4308 7407 
8512 3591 1617 1342 8380 6267 8236 4850 2542 1354 7832 5622 7709 5396 7043 1024 5107 2872 3213 1023 2820 7059 7843 3761 511 2663 317 3664 8560 4184 9008 7020 3375 3215 6960 6356 5737 769 4582 2222 5192 5322 8106 166 4418 6323 3037 2883 4859 467 8166 85 3800 3665 6087 7819 4385 5191 5723 33 6354 4802 6958 182 5631 7398 1017 2619 5345 6446 8120 1800 3968 3794 8554 1801 8191 8001 6245 1557 8575 1486 2131 1375 5553 4967 2765 5637 6396 8319 7314 3782 6983 8974 6243 4817 
8035 7854 383 9144 3864 3302 4022 131 459 1924 813 2017 969 6947 8621 1914 8242 7116 935 607 7044 3513 2760 3235 195 3125 2101 8707 8002 5279 8292 5568 5905 7053 4758 5518 5636 6668 7668 7589 8027 7430 5701 2036 6163 1213 586 5237 2504 7795 2487 6299 5701 556 4302 8169 2474 1675 1945 6044 7481 1242 6851 8072 7357 2853 7187 4609 8343 645 1158 7408 614 6010 7689 517 594 5746 2768 1035 7926 1638 3158 3927 5607 9124 4081 2906 8933 6311 4881 5974 1950 3874 2325 1069 
8729 8988 3273 1365 8133 7732 6016 2792 1823 4358 7114 2776 1530 1190 2515 8000 5742 2633 7000 8149 8287 7940 326 6267 1449 8620 6385 4852 6885 1244 4846 5555 5851 3860 6541 6607 5764 3838 7414 1555 6074 3533 4831 8498 1150 2494 999 8472 8422 4801 8338 5467 7585 3888 6114 6864 8488 1725 3470 1594 3459 4459 7649 4126 5301 2227 1330 5042 454 5319 4348 1779 1131 6130 153 470 8531 4638 7072 6806 6416 2672 7127 300 6048 5390 7383 5085 7832 8960 1851 4845 1004 2612 2436 8561 
3933 5019 3213 5442 127 7538 2469 5134 9062 7067 78 7048 493 8233 5521 5823 930 3579 5884 7821 4689 895 7994 5926 3372 7064 5709 3280 6292 666 3946 1457 3206 8562 8816 2756 933 227 8967 2534 2271 1771 849 2829 5567 2116 6224 1687 1871 6150 7636 5824 4008 873 7198 7726 6680 1961 2327 6567 7150 7170 7974 2786 996 1499 6066 7803 554 5375 3892 7935 1803 518 2295 7975 574 3282 5231 8482 7372 6453 3636 3339 1944 4016 5785 8314 5264 2135 4077 3382 3183 4560 3662 8456 
2860 5754 1828 1195 4354 4521 7745 8159 7709 7952 5779 4252 8926 4664 5252 3940 6859 3116 4078 8881 3094 1335 1982 7054 5576 3269 7460 8514 1674 3431 3188 1575 7696 6898 6556 6040 7971 8391 7746 7944 1097 1580 1914 8752 274 3801 3361 96 3586 400 3289 8951 278 6883 2721 750 2293 4633 6415 6542 8372 555 2861 3650 8774 4329 3566 903 1407 7738 6987 6399 8643 7552 8447 1189 4175 5914 1243 8475 4387 1027 8390 4896 2187 7576 8277 8221 6985 7030 4611 5086 2913 4481 525 4958 
8065 7170 3309 699 7946 9192 2928 2120 7359 7471 7798 5825 5641 2398 8262 153 6372 6186 8588 4720 7786 6200 2032 4769 7162 4608 6227 9207 261 5837 3752 383 4981 481 4461 7544 8377 6581 6853 1383 369 4957 6452 327 435 3594 6646 5086 9208 5290 7932 5675 1191 938 4740 7164 59 6363 4692 6044 1555 882 146 1704 7638 5674 8259 1538 4480 8580 1886 7903 8718 5166 7308 3836 2242 2946 7807 6638 8979 2597 7916 7574 1845 3792 8998 8114 1856 5419 4184 4753 4351 7893 6495 5855 
8280 2688 4162 1182 8787 7994 2383 310 1736 8646 467 6307 3754 2601 3189 9164 234 4928 8495 7668 1033 3726 746 4937 6717 1556 1206 8858 2623 601 1187 5158 687 1673 2622 9103 8741 3258 7851 1774 4565 6217 5212 256 4318 4195 107 7293 559 160 922 1673 1814 2505 6372 4675 2151 3258 7103 3964 7237 2403 7153 5762 3728 7144 268 1818 1515 489 6024 8331 872 8667 6523 7383 2771 3733 1271 6405 408 1255 5632 153 1617 4453 5672 3622 5872 1089 1994 7930 902 1366 1759 5111 
7086 8769 6528 5505 8344 5290 6648 5267 7605 8865 8325 4844 2556 2851 4780 5224 7128 4283 566 3945 3502 2117 8650 2676 4366 2510 7464 8408 629 1431 4863 7304 7100 1848 3692 4874 1826 2274 8721 904 5361 5309 4813 2052 7631 1648 29 8105 5027 2750 3087 4156 7969 2893 7390 4273 5108 2179 5679 4826 6535 3977 8167 6714 5745 1649 8359 1528 122 8308 8677 5103 6990 4180 936 738 4029 6880 1503 7629 5549 7062 5471 4695 669 7522 7800 7267 1750 8581 4914 197 9008 657 6953 4370 
