48
1871 1732 1416 1280 1098 1710 1087 1174 332 1959 245 1051 1589 1287 751 189 2245 100 1446 1636 811 853 1119 1861 300 1105 872 660 1772 181 1008 1622 93 1252 900 1108 1857 392 290 1067 1501 1783 1019 1153 1084 690 458 82 
540 1287 1484 872 378 1494 603 1769 1461 624 555 1034 2145 1179 2079 2018 2219 1202 713 601 1636 2281 637 1087 1452 687 2064 889 1596 1324 1330 1365 1103 1514 2149 1791 1326 1423 921 2061 2135 968 102 1589 585 1858 1509 2078 
495 466 2092 851 678 1717 868 2132 2285 1521 1416 1735 680 730 2235 972 1297 176 838 2158 316 614 1070 565 836 2174 622 216 535 1551 1494 1039 1755 2280 1664 1159 1532 1231 1258 1007 212 1250 1717 1839 1013 2079 761 441 
1046 1023 1091 2039 663 1084 556 228 178 1204 663 2231 2112 1894 1926 1977 293 921 2201 1592 1114 1307 1061 1684 1173 1447 493 630 663 352 1152 1057 274 1658 1071 992 1844 504 680 415 2004 655 1587 662 1336 1962 1929 1056 
385 135 1100 682 1716 894 296 1478 2149 1634 644 863 770 512 2276 2055 1465 2245 2270 109 775 1404 950 234 1502 1332 153 826 1906 319 1907 840 1953 87 109 289 1021 1756 774 523 1911 1337 1997 1455 1193 1380 1720 369 
2239 131 1572 2016 1283 1196 1386 1865 517 965 26 2150 1123 2186 2263 1332 1338 429 207 1250 41 1560 1493 2021 1022 1358 1308 40 768 495 1426 865 2009 858 470 2175 1053 1133 984 63 1147 2152 524 1758 127 495 1099 1001 
1025 1326 1862 1328 1582 23 167 2009 2096 454 2246 1168 1661 1542 1540 2268 953 237 968 397 841 1442 1044 2130 374 831 1475 1639 1849 2001 2145 1387 1449 1916 422 1359 510 1724 1169 1899 65 1222 1566 1707 1938 781 1699 998 
1813 1504 1485 2127 1146 1840 1585 516 2088 368 1169 452 262 405 174 1982 742 2109 453 1156 654 1772 423 1566 2147 881 120 1083 436 359 1796 1155 2208 2263 697 7 934 1019 1605 1498 455 285 1997 953 1114 670 454 2021 
1132 1043 628 2066 1745 394 253 1655 459 746 297 2054 1110 1400 1465 1206 14 374 864 251 958 230 1634 1880 902 108 1480 10 1960 1361 1853 485 1263 420 1161 1341 188 2171 1447 1787 2222 2135 1412 1487 2285 933 855 1412 
1044 2145 919 1903 1465 1493 926 257 921 895 728 636 613 17 2215 706 1059 402 727 841 67 1698 441 811 1599 1498 478 1882 749 1618 1650 1009 612 1084 1074 1701 1929 1197 1035 346 565 1660 337 1490 1796 1859 664 2176 
189 387 563 123 857 1764 583 910 1970 1433 394 2156 201 1250 413 1 1716 939 1796 1251 34 594 2238 2023 2188 1158 389 720 507 1098 1956 1315 1392 1049 1392 1814 243 1828 1124 1958 1339 183 221 1224 1782 1977 1390 439 
1975 1362 993 108 1658 423 1483 812 724 1729 2251 2107 1467 907 1119 942 751 2298 1378 862 261 1095 38 2041 2062 1880 298 1842 1512 2109 888 1304 1312 1493 1182 133 1923 2193 1094 941 64 2128 1908 2006 2235 106 1372 1318 
1008 969 222 1688 1410 1584 2207 1801 608 159 1989 111 1298 1999 2126 1320 678 1496 1294 368 1841 499 1603 2029 1028 1625 1750 1381 1901 586 2097 911 1831 1833 1207 2055 1887 196 1509 346 99 1970 1795 1857 489 982 1670 491 
2298 512 5 1395 1145 178 2262 881 1364 1023 1093 1196 1862 911 624 1773 1350 1472 1986 239 1935 2279 778 1906 1357 2228 567 1134 1249 1459 1202 101 1745 751 1624 2257 1871 1969 787 1469 1380 2150 20 368 2233 1950 1711 1603 
1794 1329 1490 916 520 124 1827 979 849 1225 1462 1722 2157 973 1128 1177 1248 1354 1754 2255 679 469 13 1109 2153 1714 1175 1396 2108 219 640 1687 784 799 700 827 700 1640 324 514 1699 789 2259 231 2050 901 826 1420 
217 1205 2144 432 884 257 1754 1212 1685 1031 1827 380 832 681 1912 2027 1827 1584 1362 1831 2207 2190 1921 387 887 444 226 1467 1300 322 1981 578 1906 725 1469 1208 1195 282 652 120 1054 137 1803 1869 1340 2156 2091 1092 
2031 1031 875 156 167 978 1006 986 1793 1762 312 1017 2070 1382 901 191 1374 76 1478 811 2112 1027 2105 11 2103 1884 1699 1193 1186 1930 1325 933 1320 1096 2265 1246 197 25 1695 906 1142 1963 1320 2150 1917 1621 1574 1543 
1106 1727 78 590 38 1185 1011 505 788 2212 576 1879 2023 356 18 532 130 1943 1648 1074 1264 2119 1703 280 1033 2107 1286 964 1725 2164 1587 1565 2048 979 1833 1892 1362 1752 2255 1992 1514 2181 565 792 1406 96 1645 1427 
433 920 1284 475 2074 1599 1564 1800 749 182 1575 473 585 1318 834 1030 1821 1834 2092 1201 183 1163 993 2042 235 291 1239 1970 1756 738 1748 551 1130 2031 1130 2078 1848 486 785 1758 344 2112 2015 1897 1942 1744 742 1734 
94 874 1322 889 843 1182 1085 1813 589 418 889 1256 2165 1357 730 980 352 1344 1141 829 1598 287 1177 286 1406 253 1153 2102 280 1238 1202 1888 1654 1077 247 769 1535 246 2039 1691 578 1574 624 1406 956 774 274 1437 
327 1071 1274 1150 543 463 1481 1099 1425 1041 865 6 2114 2203 1084 1242 793 1073 360 396 714 1655 35 528 1536 467 271 1336 550 1905 1810 2183 1491 2144 716 292 976 1753 950 490 1478 160 724 924 393 1412 790 2102 
2043 512 849 1887 158 2052 1236 506 442 717 170 987 807 2288 2156 2198 952 119 1472 1652 2116 1058 626 1919 850 719 557 1981 1632 756 1493 1145 976 584 132 700 1648 1921 2080 2267 1700 57 1942 1066 50 490 2229 206 
1450 1560 937 176 1904 142 18 1678 2152 448 2240 1323 1852 847 13 2215 845 1452 1752 1001 819 980 281 1336 2291 825 2086 745 700 961 129 2099 606 231 1883 1822 2120 2048 1706 666 572 2200 994 684 1425 763 595 195 
2084 1231 2078 297 989 2014 1749 661 2265 498 1710 1501 2105 2265 100 968 1670 648 2219 770 960 1628 2126 297 2 1147 230 1284 1491 1881 1592 1747 523 2135 300 1985 863 390 358 118 2188 648 1923 713 1820 663 498 1427 
984 1696 876 1950 1739 1159 2065 1725 1774 654 801 2293 1653 1232 1363 1753 2229 1511 726 1779 1456 941 225 1118 2111 2080 1785 1393 474 1887 2239 406 519 2257 115 312 1885 869 265 474 1588 1267 486 1349 492 1473 311 2266 
982 1058 750 517 2242 1082 1371 722 1830 220 2147 666 1255 1428 1887 1749 199 1472 147 19 876 1753 841 6 265 1232 1929 695 1963 1171 1144 1497 802 1454 843 1851 906 526 2278 2134 2165 2274 277 1542 1206 1690 1637 86 
973 1041 928 884 490 1735 1252 707 1696 583 95 1808 1831 168 1961 2012 589 302 1982 471 1531 2064 663 878 1120 1364 1891 1403 1980 1495 1383 283 715 1129 879 926 1228 1300 1263 1943 1324 2173 1723 530 2260 868 608 997 
1804 582 1309 31 1546 546 1921 414 283 1624 1954 189 2157 2220 1783 809 1143 2154 723 725 1029 1956 127 4 2019 1431 2034 387 806 812 1071 505 1554 1946 316 854 2219 552 1722 1385 475 1040 550 1166 828 383 939 2180 
1411 1721 1441 1117 1930 1882 1702 398 2297 439 599 1062 656 1379 428 1820 1554 1742 1773 961 2257 1287 597 340 2259 1442 2113 180 1950 1716 789 1328 421 1019 684 1914 1359 1563 1401 1467 1184 2051 1087 960 1926 1390 1385 1361 
962 646 1799 674 113 1954 613 1763 1079 816 330 2034 1543 1198 714 1329 1168 1490 1736 1649 1863 714 524 269 1549 1694 1021 1556 126 2225 251 158 470 614 1115 575 895 222 0 1690 2107 480 1938 781 490 978 1118 1162 
1529 2020 1482 1413 1895 588 1651 777 1909 171 1509 230 2282 1935 502 1285 1280 786 703 1756 2030 927 1592 764 2067 724 879 2247 700 1923 101 1856 1938 467 2181 1531 419 2180 1986 1331 2059 848 1612 2298 831 620 1006 1931 
757 814 1031 1211 2227 200 290 654 2291 306 1845 1766 752 2086 1651 343 1297 69 974 1813 1774 2135 781 15 1027 432 1925 533 1776 429 887 1588 1642 606 1798 34 1730 574 2259 2004 1296 797 1079 1070 764 799 796 1234 
296 2012 1400 1561 317 1448 1639 32 401 2286 1764 2042 370 1206 1572 1795 1810 1350 912 596 14 2020 1885 2130 1693 2233 1481 1377 1873 2256 243 1719 141 62 1623 1099 132 92 742 2027 1001 1584 446 877 2105 490 395 1277 
1697 138 1913 1174 2188 414 981 396 1997 553 319 69 1126 1952 1678 1032 755 2062 1088 493 1206 1879 156 1780 320 921 1895 306 1976 2222 1855 1062 203 1998 1687 42 816 594 1103 1285 982 147 1774 1437 941 241 639 1738 
2062 1519 1543 1349 1480 636 927 1983 712 77 1073 2062 868 101 211 1410 68 1206 2235 1878 1517 1761 2014 1602 236 1562 2090 1070 411 39 348 1536 2195 1159 382 1686 174 431 769 1999 439 367 627 1220 433 884 732 533 
1728 487 2235 2141 184 306 2200 2247 833 994 1350 1722 1187 423 1975 1456 1076 633 2171 293 603 213 727 2218 2112 1573 1406 536 1042 574 1263 2274 1780 3 618 1156 1413 1318 912 792 1034 1551 2198 2055 1339 2261 1317 732 
2215 1897 2002 564 196 978 1589 1746 1175 658 1448 1487 508 1064 670 1774 659 687 2205 2062 1095 420 729 696 124 453 1135 728 1492 1300 1339 905 1438 1274 1622 1545 1757 649 559 2252 1264 1754 2116 940 1507 2197 1662 2109 
1873 2191 295 1855 1779 654 905 45 1226 552 36 1266 997 1225 2187 2235 463 1490 475 2279 1945 1247 1241 2075 1919 1825 2215 627 1594 1002 291 1747 1762 1352 733 603 2173 2248 2226 2041 296 1884 9 792 1248 2135 426 118 
494 1940 1846 1299 2029 1207 327 69 377 1931 1572 2281 1654 2187 1057 1459 506 124 401 423 1752 55 361 1185 1482 389 115 2062 570 1826 43 445 429 1252 314 2000 1228 1269 908 1228 273 1340 1040 1232 1546 2267 1804 483 
77 721 1818 358 1017 1214 1474 2216 740 1223 949 1432 1382 656 2212 1941 193 1894 187 1378 1068 2175 446 309 1914 88 1470 494 1900 1342 1143 101 1424 233 1097 988 2259 1602 1490 1428 2218 1094 1060 635 985 1282 936 1538 
1247 1214 398 1037 1022 1078 752 1540 234 2051 1154 519 782 537 1528 2110 2165 1897 2037 845 1883 1191 1706 2279 337 1830 531 1914 1543 1247 1482 264 953 656 1927 790 1849 513 1333 956 917 1633 689 1757 1892 208 1569 369 
178 758 1263 254 1669 464 1377 1318 1804 1419 2263 601 2147 1160 928 938 5 640 888 1472 1231 1729 930 2019 1965 1175 1438 54 1763 2246 392 516 1018 562 13 1842 837 1186 266 468 1039 665 963 2012 1378 1380 444 1262 
374 1330 2104 1615 2229 605 1867 1787 1895 1991 2206 725 1023 95 1727 2041 2049 707 1826 1070 398 1280 953 119 2190 1140 1323 1224 1400 1237 948 214 193 1610 1944 2055 1246 1207 581 905 2040 1046 516 382 1068 1792 603 1621 
1147 76 259 1588 85 1486 641 1425 1213 65 1892 224 2073 63 282 2151 2200 876 622 45 1344 1715 2210 1809 2195 1192 37 246 1245 13 1265 2076 285 1136 1411 2186 397 1521 632 1447 1232 290 705 233 1464 263 899 1444 
688 572 141 1284 204 1846 119 22 1388 2210 1619 0 2183 233 1043 1361 1177 469 1399 627 2091 2125 2224 1341 2044 572 406 677 713 400 131 659 1470 1631 2250 464 1401 1827 2263 797 1463 1062 1765 1376 669 1785 342 1530 
933 30 1202 308 35 709 575 471 883 947 312 1754 1218 1087 1198 310 1397 631 248 214 569 95 1752 938 424 1369 556 1243 148 1440 846 1561 1524 750 1032 1039 2153 1342 311 2040 363 1708 2043 75 1301 632 2200 402 
2185 41 1772 601 1025 206 141 2113 1395 1632 382 1076 992 579 142 947 826 747 1614 586 1520 411 1965 549 791 1097 562 1725 1846 1438 1236 2219 942 537 1657 669 964 1875 265 2150 1357 2141 2095 47 245 1093 1452 203 
555 696 1879 809 1197 193 437 226 939 1968 1841 499 1434 1813 2296 900 152 1004 1651 1510 887 2259 1634 1436 361 117 402 2192 1862 2059 1339 1383 892 1017 760 2030 915 404 1891 179 1371 3 1868 177 2229 323 1430 1827 
