64
1103 3268 1416 1792 1098 430 2367 662 1100 1703 2037 1307 2357 7 1263 1725 2757 2148 3238 3172 2859 597 95 1093 3372 1105 360 2452 748 181 1520 342 3933 3044 388 596 1089 648 2850 2603 1757 503 2811 385 1340 1202 2506 338 1564 1287 3020 2920 3450 2006 347 2025 4021 368 1835 2570 3425 1691 31 3554 
427 2994 713 345 3428 1001 1149 2623 2220 687 3088 2937 1340 300 1586 2901 2895 2538 1381 3327 2862 3215 1945 3853 3415 3016 2918 309 2889 1858 3813 798 2799 978 556 3667 1702 949 1892 3412 3053 241 2696 455 2728 3034 2747 3020 3857 4016 3910 1134 60 3942 558 3381 3396 3198 2670 1752 791 2575 4054 271 
1243 3560 640 1415 252 463 4074 4079 3284 1762 4021 1327 245 3359 505 3001 22 255 2371 1783 663 316 2604 2020 178 3764 2711 1207 1344 2150 2694 2489 805 1433 153 1336 1882 27 1061 148 405 167 3821 2166 3479 3936 128 1569 1810 2682 3375 3040 564 1272 680 1695 724 3983 3123 1686 3128 3498 137 288 
897 2183 844 3498 3764 638 1064 4038 2661 3170 1412 95 2 3840 1252 2055 1721 2757 3806 3181 2311 3964 2230 746 2270 3636 2457 2618 3186 1855 3443 3400 3489 1623 2925 289 1533 3804 2566 11 375 2617 2765 943 425 2660 1976 113 3007 643 3108 992 2819 1964 874 2121 517 3013 1818 3942 1123 1162 1751 1588 
826 173 975 994 1577 3352 2517 1509 2814 3150 28 2856 1536 495 2962 97 3289 1114 3286 3967 1565 1645 984 1087 1915 2920 780 2014 3199 1775 3147 1513 1 2862 326 3120 558 1815 423 2009 1328 1734 198 400 2685 2054 3332 2780 2745 1261 712 3725 585 1698 1300 1618 3190 575 1475 1895 1849 465 1889 2155 
2473 2940 678 591 1790 2236 2449 3691 2113 4038 542 939 1682 269 675 1254 21 2784 2509 591 378 1328 3121 4 3624 1904 401 964 262 2709 2990 3006 4070 2365 197 132 2958 4076 935 1054 1635 3953 888 59 2996 871 3332 1411 416 3799 1977 3591 4006 251 2117 1242 967 1053 717 1209 90 2206 1734 4069 
3180 3603 3700 786 209 3210 3069 1399 3019 4074 3625 2054 1366 1912 1721 1462 3598 2934 3168 1787 702 2790 610 2648 3718 876 4040 1034 1448 1361 61 1765 751 1444 2185 2109 444 123 2215 251 3758 3415 1412 3535 2285 1957 1111 132 3604 3425 407 1135 2745 1493 3486 2049 2457 639 2264 3452 2917 3089 2471 1218 
291 3474 1495 73 835 4002 2489 1835 3903 1498 1758 1626 1517 82 1138 753 1124 828 2866 4005 393 1709 1803 1882 2613 124 2129 3794 1540 2627 3736 3968 3773 1411 1843 3451 1113 4068 2375 2702 1970 2457 2442 2156 1481 4066 3997 3073 3508 3499 1796 995 2850 1106 1470 999 3980 3718 645 2000 1019 3914 1188 3875 
3440 3865 1904 1046 3571 2340 2916 4006 3131 2743 3805 3272 3062 1721 2158 3255 183 3922 3297 3692 1402 1959 2763 2860 724 4033 1483 2619 3515 3211 2911 3502 2287 3578 2914 2654 773 1351 3622 3321 2830 3416 554 3634 1512 1853 2936 2072 3616 3285 3742 3717 2179 2961 326 3245 1856 2384 2676 2518 1467 1386 3164 1830 
1776 1993 478 2200 130 48 2463 2825 3168 1951 2245 2415 2834 1487 3918 808 166 3288 2062 1392 1585 3315 3651 2541 2564 601 726 3173 2157 3914 2865 2447 1831 1065 951 2311 3423 1988 4069 1114 611 434 515 3393 3305 2262 1158 1259 3322 2048 3845 1651 2681 2738 214 1649 596 1023 2885 2476 3142 399 1392 1261 
838 3264 962 2031 2703 3047 3338 1394 2381 1460 1847 2670 1761 2227 1458 1637 465 2287 856 1745 2895 1457 531 1981 356 2406 2580 2928 441 1438 687 2883 3842 3377 3794 916 776 3708 1827 3283 1873 4041 2998 954 3693 4045 1896 665 2016 3146 3802 3535 2215 213 1293 1365 617 4018 3991 3444 828 1755 1152 151 
2064 799 3004 3131 3004 872 3652 2818 3235 3605 3283 3559 770 2693 2106 1676 473 181 1376 1200 3188 257 1754 2236 2709 1543 1571 3452 1344 681 1656 2795 1571 3632 2898 1063 927 142 3201 643 887 188 482 4027 3604 1858 189 322 3186 1749 1213 1720 2731 3354 3724 3448 2334 3465 523 2893 1596 2156 3627 580 
2799 7 2155 3996 935 3538 1518 2010 1 2530 3128 505 790 1638 901 959 3678 332 1222 299 320 3587 3385 267 1847 2396 419 2217 3746 2442 2861 165 552 3144 2009 1246 3781 1305 2207 394 118 3499 1832 3942 3965 2645 3366 263 2130 1215 1870 846 2086 3745 3571 761 2068 3748 3392 2391 231 2404 1810 532 
386 2199 2160 3122 496 583 3239 2072 3337 571 2054 1220 2749 1908 1075 3613 1280 2003 2089 3684 338 3032 1487 1224 2282 1157 1845 792 2430 3424 1389 1171 2225 3224 772 4059 1050 831 1052 1544 2029 4022 3623 217 1609 1062 2370 518 2333 810 3372 1457 2231 1163 993 2554 235 1059 3031 3506 3804 3298 980 2087 
362 495 2666 3102 1592 2022 2833 2014 3416 64 735 1129 3478 2256 1766 1478 862 362 1578 3705 1099 2462 317 2069 333 2210 377 744 373 333 2522 3796 3936 1088 2933 3901 830 543 1945 3102 894 4093 2433 566 1560 4054 434 1120 3190 3893 3319 1 1023 3574 247 1691 1346 3878 2160 3710 3004 1542 2322 3229 
71 303 3322 2430 31 1487 2505 843 2705 3345 3937 3846 3906 1435 2108 2778 1817 2865 1384 908 458 1655 35 3856 512 1747 2831 3640 550 2161 3346 1927 3027 2144 4044 3364 3024 2265 2998 4074 3270 1952 3028 412 649 2180 790 2102 4091 1536 3409 1119 414 2564 1492 3322 1722 205 3498 475 807 2032 2924 1942 
952 2935 3776 3700 3908 802 370 1663 3666 463 45 701 864 2292 1237 3449 3536 584 3204 4028 368 385 800 3547 3236 57 3734 2858 1842 1514 949 1742 938 3608 3753 944 3440 3726 2322 3470 3432 4032 1984 3371 3900 2383 2573 3495 333 1196 1240 1257 2355 2004 793 312 1779 2617 1574 3561 188 1473 3969 307 
350 1511 3675 1310 840 1792 2730 3482 572 1944 2018 3500 3473 3579 2387 3523 1316 975 542 1321 2781 2526 2773 2197 729 1522 1710 4061 3129 3289 612 1224 3206 2696 1707 3330 1984 2652 2126 297 3842 379 4070 772 4051 3417 824 1235 3595 2135 2604 961 607 1670 2406 1910 1932 3208 3203 2249 28 663 2546 403 
3800 1440 2668 1950 3019 2183 3601 1213 4078 1934 2337 3573 373 4048 595 3033 2741 3303 3286 1523 1456 3757 2017 862 1599 2336 3577 625 3290 95 3519 2454 3079 721 1651 824 2653 869 521 1754 2868 1523 1766 325 2028 4033 2871 3546 982 3618 1006 773 1218 1338 2395 978 2598 2268 2915 2202 3303 404 3935 213 
455 4032 403 19 2156 3801 1097 2054 265 2768 1673 439 683 2451 3192 2009 3106 2734 843 1083 2442 3854 2790 598 2165 2786 3861 2310 1206 922 2661 3414 1997 3089 3232 116 1258 199 3812 2755 2976 1607 3935 1552 2855 2984 3753 2268 77 814 2238 1239 2043 784 919 2670 96 84 3427 891 700 1495 1127 1819 
4043 2409 623 2206 2252 276 1519 919 3884 2685 699 1810 1236 1636 1120 485 1804 2630 3101 543 3594 2594 1153 2462 2843 3160 1186 2493 3949 2476 3319 2089 1399 2922 2003 3797 1797 2468 1919 2308 2531 2967 3058 3971 3366 3116 2607 1529 274 1178 3900 2902 939 3880 2234 3945 3035 1040 3366 3982 3388 639 3499 3204 
3715 1977 2977 2909 3210 1626 2982 910 1017 4023 87 3110 2960 355 1708 2588 2322 2254 3565 449 2769 3847 1365 3412 4051 3746 2369 2740 2206 1460 2581 560 2725 1531 1708 2170 79 1307 1145 3515 4000 3843 3903 3008 390 3182 2665 1361 962 3974 3591 2210 3953 2210 2405 1763 3639 1328 1354 754 2055 2734 4042 2353 
912 4050 3016 625 839 1482 3596 1037 2317 926 509 3860 2686 1457 4091 158 4054 870 3931 1343 1919 3294 3584 410 2107 736 1938 525 3050 2770 1630 906 3321 228 1994 1925 103 2636 3699 1289 1653 2475 3045 2278 3050 1935 3062 1797 1536 274 3007 3804 750 3743 1592 1276 2323 1236 111 967 3772 387 3941 1344 
1170 1747 389 2043 3235 1668 1474 307 2059 3920 2636 3578 1343 3692 3310 1419 2293 1838 1799 3771 2995 712 3874 2702 1523 2610 2613 1510 1264 3110 1651 1111 529 325 2510 1557 1774 87 3597 2831 2051 1200 1157 1301 4080 2221 2935 2868 1386 1630 3846 34 1474 62 4051 3540 3600 1053 2359 2094 3324 2591 284 2258 
1832 476 2936 1561 2109 4008 2919 1824 2705 3054 3044 1786 3954 1718 2596 2307 530 326 2960 84 3854 4068 2397 3154 2717 1465 3017 3169 3921 3280 3827 3255 3981 3134 2903 3659 900 3676 3046 3051 3561 2352 3006 3693 313 2794 1419 509 4001 3210 3705 3734 3980 3230 1749 1420 3789 1065 2623 1605 3686 1952 2446 3080 
243 1550 2112 1773 1462 2135 1948 500 2624 665 2407 2098 3256 2478 1087 2854 2251 3790 919 3114 2352 850 3407 2821 2006 1683 1774 2973 1709 4081 1151 1226 2830 1775 2823 2629 1480 2940 159 959 456 77 1073 782 868 2405 1747 2946 580 182 187 3158 2029 737 3038 66 3308 1562 3626 1070 3739 3367 3420 1792 
1939 2183 1662 1174 1198 1967 769 3535 183 3183 1395 4036 177 628 2012 3093 2752 3303 1467 1117 440 3122 2968 2759 3905 3554 1606 2490 1699 2215 2999 1200 2612 1657 1915 1061 3419 3797 1239 3754 3392 805 126 280 2578 3902 3055 2018 2804 3 3178 2948 1669 550 3984 536 2570 2831 3990 2055 2363 3541 293 476 
167 3689 1234 2356 1220 1234 1589 1746 1943 658 680 3023 3836 3112 414 3054 1427 2223 2205 2830 71 2468 1241 4024 636 3269 1135 3288 2772 2580 2363 1161 670 4090 3926 1545 2525 3977 303 2252 2544 2778 836 1708 2275 1941 382 1853 1873 1935 2087 3647 755 2446 649 3885 1994 1064 2340 2034 2533 3273 2443 1211 
463 3282 475 3815 1433 1759 2521 2331 2175 3617 935 2675 2874 490 3619 2771 1762 3912 733 603 3197 2760 2482 3577 808 1116 3081 2840 3808 1879 426 3190 2542 2196 310 2579 2797 1207 3655 3653 377 139 3876 489 886 3467 1057 2483 1274 1148 2705 1703 1240 2103 1385 2977 1994 645 1395 2574 3130 3362 2859 1981 
173 2276 3130 4048 1740 1269 1676 204 3345 2108 2832 2512 2314 3803 2572 2275 3149 3537 2842 3174 3577 3774 2754 2472 740 1479 1973 2712 3686 912 2468 1173 1473 1382 3003 2658 44 1407 1214 2869 3450 3416 1726 238 3436 3134 119 3941 400 1001 2633 1756 979 3394 2258 2964 2986 1862 3876 1147 3033 514 2728 770 
735 1982 654 1549 2046 1590 1264 2564 3818 2563 2946 2055 3086 3609 504 1598 885 361 2037 2893 3163 1191 2218 1767 849 550 531 378 1287 479 1482 1288 3001 2960 3463 278 2361 2305 3381 3004 1941 2657 3249 477 2660 3792 801 2161 2738 758 3567 254 1925 2000 3425 806 1292 907 215 3417 1123 3720 3232 3754 
3589 3712 888 3008 2255 449 3490 227 1965 3223 1950 822 2019 2758 648 772 2554 1842 13 306 3909 2978 1034 2516 1551 2713 1475 1500 3682 1380 2748 1518 374 50 1336 2127 1461 1629 75 3067 2407 199 926 725 3583 95 2239 1273 3585 3779 3106 1838 1934 1792 953 1655 1422 2164 1323 2760 376 1493 1460 726 
1985 586 3480 2823 2270 3767 2373 393 248 2326 516 2430 44 0 2139 3925 3451 3148 2563 52 3669 718 3457 1681 3261 65 3428 3552 1561 319 3354 3943 3224 2156 366 2605 1344 1203 1698 2065 3219 2472 3621 502 3037 3085 3569 1308 2333 1136 2947 2954 2957 2545 3192 2471 3792 1826 1729 745 3768 2823 2691 1956 
1456 2108 3981 3588 1996 1078 119 2070 1132 2210 3411 2304 2183 2281 19 2897 2969 3541 3191 2675 299 2381 1456 317 2300 1084 918 4005 1993 2192 387 2451 702 2399 202 208 1913 2851 2263 3101 2743 3622 3813 3424 1949 3321 3926 2298 2469 286 690 52 2851 4037 2111 215 627 179 56 3034 1986 319 4014 1334 
3445 1399 2040 3798 1337 2399 3032 170 2984 1113 3116 4059 1172 160 1614 1817 500 2286 3592 527 3945 3646 3383 3576 3179 1964 763 331 3861 3704 3224 3218 2441 2089 492 1625 3073 206 3981 1089 3443 1888 2174 820 1248 3651 2446 179 3386 491 2126 1866 3568 1947 1965 37 535 1609 3122 3005 2102 2974 2516 939 
1198 3865 1401 1949 196 1363 1033 1894 77 1373 303 3119 2037 581 1964 715 3627 2744 1367 2345 173 193 1205 226 2219 2992 1585 2291 1946 1557 760 132 1688 2540 883 1254 631 3283 866 3228 3689 3701 3474 400 1862 2827 2363 3175 380 1017 760 750 2963 148 2915 2995 3931 2307 1356 2225 2997 3395 3478 2851 
252 2628 1711 633 2574 3889 426 2152 3066 1229 3835 3100 1608 2296 206 3721 3551 82 2308 479 3223 4086 3275 3612 3932 359 2008 3259 3323 649 2372 3466 3980 966 1024 1689 2684 1617 3319 334 1846 3207 191 1686 622 3697 2810 3126 1034 1126 2383 1343 2989 2510 1025 1952 3041 2561 1577 2261 3551 2381 3988 958 
2046 3095 2619 2442 183 3609 3419 4050 2129 3017 2097 3522 813 4058 3668 2674 3760 1755 4014 3667 2760 2814 1560 2500 541 2548 657 708 2774 1779 1051 3010 2565 2777 563 1425 944 1130 1259 3703 381 2741 1189 101 2553 918 2926 64 645 84 500 93 1501 618 550 2060 2374 2659 2407 587 2644 734 1134 1436 
3925 2482 3773 1777 1118 2346 4027 2499 3823 881 3952 3905 581 521 3293 1702 3645 2933 4086 163 736 247 317 2044 655 1652 252 303 3276 1651 2079 846 2978 1092 3243 3054 3507 3645 991 56 1756 544 3046 3356 390 1432 1845 2214 2700 1250 903 1641 452 2441 1651 279 2348 2889 2470 2867 3251 3349 195 2269 
3233 2101 724 1228 1187 1927 363 603 2423 1253 1881 3770 1840 2727 2314 837 2599 2879 123 2801 3198 259 3802 3298 594 2056 3513 3611 3709 1065 2542 3149 2564 1319 521 976 2084 2794 626 687 244 3046 2335 2781 3255 3993 2800 1414 2496 3888 1191 2433 1794 3658 391 1761 3379 3540 392 2475 157 2835 2355 1442 
1409 3264 1312 3389 296 77 2826 1466 391 2374 652 2635 1422 1235 3963 111 13 857 2015 3932 3907 2625 3982 3224 773 4048 871 4007 2952 821 3624 3807 2763 674 237 1879 675 402 2374 510 2404 296 3827 1992 3881 3256 830 1794 3521 3167 3061 3015 3382 4044 1027 3467 1787 802 2986 980 433 4086 608 1033 
3990 3187 1091 2659 2443 2717 1337 0 192 2482 936 22 254 2988 3279 3652 3472 228 3263 4 719 3025 1018 2877 1609 3821 3238 3061 3981 1720 2414 804 918 470 2038 164 3282 2387 248 2628 2509 2823 0 507 3199 2069 3264 3385 1070 2445 17 3929 3073 3377 3719 2355 2083 3157 687 4047 2960 3807 232 3124 
127 3182 3803 1630 3436 3480 2200 3405 193 3915 3406 3642 3360 2644 3495 3301 80 254 1470 3849 3777 1235 3262 3313 3517 1662 1048 2340 1582 464 96 316 2566 2017 1477 2517 1614 2383 555 1952 3023 674 3815 1943 2135 3280 1046 2123 2728 987 1946 1625 2819 1432 434 3579 588 2700 309 954 2522 2799 2411 1602 
3549 466 904 2894 3180 92 3526 2498 2859 816 542 727 3478 3051 3746 3184 1516 201 2426 3724 2746 1127 2681 1493 2818 1955 1115 3413 2825 1951 1949 328 954 2533 2297 3340 3770 2212 1405 1588 2313 281 3655 1725 1617 1545 1503 2136 3791 2154 2353 742 475 2081 3621 2 1813 3814 477 1463 2094 1861 138 2642 
3408 445 235 851 1579 2571 3428 381 2461 3713 1207 3085 1533 2959 3169 3335 3077 3427 3731 171 3673 2477 3531 2567 4024 891 2063 3750 2494 2884 966 2918 1619 3328 51 1127 1460 3700 911 544 2844 3980 193 3467 2574 3808 3772 3456 3650 1113 2933 1824 2090 1005 1152 872 2079 2693 3910 3045 557 1792 2789 134 
1144 337 1444 2189 2633 452 17 160 1465 2654 1978 2044 2552 1121 900 3785 58 1006 2987 1928 320 965 1878 3496 3454 2857 2518 824 3566 4063 2427 1976 1905 1620 2579 2568 2781 478 1280 1922 2983 1819 2293 2595 1838 630 2893 2020 1698 1224 1287 1319 1423 2074 1378 3149 1802 3721 1041 3172 886 3394 3355 254 
2291 1453 83 1309 2149 3751 3694 842 2332 4071 3526 1220 3365 386 170 470 44 393 1887 1345 2828 464 1976 1241 1525 4042 1101 300 825 2192 3419 3676 3251 2816 1336 2062 3540 2562 625 635 1100 230 2434 2724 337 3049 2097 1954 1422 1751 3207 3867 427 970 364 3793 1397 3088 2782 3412 1963 3370 3021 984 
100 1009 3991 801 31 2004 283 1434 3433 2108 2428 134 805 3600 116 1614 2427 852 2130 3064 864 748 3986 953 2749 639 535 3745 1343 2167 1031 1908 3002 36 67 2201 3642 3584 1153 3884 3752 1549 1289 3374 3094 1627 520 3292 2215 1958 2196 1821 1054 1563 2365 3860 1281 1083 3660 1238 2665 2521 2971 309 
105 317 528 3259 281 1131 184 946 3134 3197 3452 2400 3991 1325 3970 3153 2503 1647 1314 3532 474 1595 3971 3687 3445 1128 3538 439 3999 692 542 2847 2598 2784 2515 1481 2991 1272 978 2483 1118 4017 3625 4065 2846 3307 1396 1969 3469 1109 4047 3915 1159 3631 3446 310 1870 2091 2300 2312 1875 1645 292 310 
3747 690 1632 3081 2801 2956 1508 2482 3900 1483 3173 3444 1564 504 2675 1023 3759 2043 1136 3293 3610 2780 2092 2309 4030 1702 543 142 3577 2663 3137 381 3478 85 138 2495 1490 1547 2305 3634 3852 1776 1923 221 520 2744 3859 2112 479 2564 2264 2503 2695 2853 3767 2392 3579 2302 1421 11 2567 1543 265 3065 
178 3438 2853 2861 3399 1112 2367 952 2 3397 2264 2785 2644 3985 3560 3449 1491 1302 3291 2891 4034 4079 2604 1970 824 2648 2461 326 3055 689 1808 686 2987 1441 773 3737 3140 2135 3249 2248 2130 1260 951 3651 1141 2788 2949 3755 830 1492 2638 2223 3518 3101 3487 2969 2729 2006 3745 0 3621 3016 4074 2464 
3125 1682 3839 1094 1981 1517 874 3557 2097 3082 1396 4039 4062 2328 1664 2269 3285 2786 1284 2871 3695 1172 1572 3727 2434 158 3821 2559 1311 3761 1835 1747 2564 4070 4071 3705 3749 766 1920 1429 2514 708 1380 1585 1540 2191 1900 2834 3914 1251 2770 3621 1483 55 2767 3096 3831 1490 3797 3846 3919 2767 614 586 
1741 831 144 373 2544 1901 3333 1114 360 2876 1243 2630 2651 2477 220 1613 338 1661 907 3775 452 2027 3252 442 1084 2711 3246 217 1321 390 305 1546 3650 1090 1486 894 3220 3359 527 185 3369 2456 3883 1737 2647 3799 3942 3475 930 1107 259 3144 2639 1684 1767 3831 3206 1042 204 829 2338 1595 3358 3607 
1561 2196 3701 3288 899 4087 3760 822 1353 1018 2474 2174 3435 3184 2460 1512 237 1289 3855 2053 351 2325 3708 1364 1288 2406 3458 3061 1966 3666 2498 2165 3589 2007 858 1991 1458 3546 1277 1620 3066 648 940 3625 1292 2269 19 1615 3559 323 898 1336 745 3666 646 2133 1270 950 3876 709 1857 302 1201 1319 
4026 2993 1873 144 1044 1707 266 1688 3441 3941 1668 2191 3245 3202 3423 1998 2372 933 3633 2343 1249 1840 3099 3454 3460 3624 3078 369 2126 2100 1407 1587 3820 4036 1837 1398 2462 3151 2283 646 4067 1716 1414 2675 2499 450 1556 1383 3000 2259 2287 2838 1850 1683 3661 3154 2534 1502 1149 958 1354 3783 3520 3995 
2383 438 2498 1726 2884 681 3252 2722 899 1691 3591 2202 3010 1281 2246 3103 2040 3953 1936 1095 1001 350 1585 3671 3920 2558 733 1903 681 588 2312 1891 1688 297 4069 1707 2041 3998 1656 368 645 3900 1882 2502 3101 1189 3593 2809 2742 2083 2025 0 3810 3701 2779 3855 3319 2987 2937 3144 3806 551 3307 1425 
2170 4035 1129 2432 2226 2833 2637 2931 285 701 723 1725 3657 271 2161 763 2728 1421 461 2948 1560 1725 3424 3070 3086 3592 3237 1038 606 4027 2301 1063 2729 294 3106 1412 99 3815 1606 3888 3455 1345 3015 2626 4026 3237 1169 1831 2177 3155 1809 1560 384 1306 2258 1194 4040 1595 3765 644 3996 3692 1745 3882 
729 2808 1509 760 3071 1795 630 1323 4064 3308 1930 282 2019 3019 2303 3202 3829 793 904 254 782 1647 581 2709 1371 2919 1023 3438 781 927 2557 1182 190 1244 2693 3106 635 330 242 2024 2674 482 1390 2568 2105 1252 1613 2576 696 644 3335 3964 1717 2465 2255 325 1019 1712 2260 3216 805 1719 19 1159 
3596 2166 3287 3397 1227 3488 3535 1003 2411 3654 3786 1488 3120 85 1809 2261 639 1334 864 1749 618 3987 1411 3643 3290 826 906 2479 88 281 169 233 3704 361 2478 1190 3554 3560 3871 1975 766 3646 1775 1846 2363 2177 4061 980 1788 2004 106 3662 1569 2858 2933 2302 2861 3625 1140 142 1305 3625 3409 3527 
4020 3419 2014 647 693 1542 1271 977 1887 4077 2867 767 3791 2509 3910 2066 741 2306 2038 3882 3021 329 1976 2833 1065 1696 1511 3825 1501 2890 416 294 2422 3055 2108 2350 567 3040 2411 2749 194 887 746 4077 1632 668 3552 1171 749 2405 2011 1197 1891 2261 354 4087 1793 3525 3126 1180 279 2017 810 778 
3441 3785 1436 3294 1374 1879 143 255 859 2816 3942 1735 865 851 3647 2651 3528 2975 2026 3099 1750 2738 2437 1333 3305 1723 1461 852 3900 1361 387 3446 1881 2445 1232 988 3867 593 2167 3354 3423 2732 3069 590 839 3670 3319 3181 1066 1109 2553 1209 540 451 2870 2639 2325 1702 2745 3804 704 1791 1599 3184 
3298 478 1198 1643 3173 2226 2358 1939 1793 2207 3587 3912 3462 2056 156 4047 200 2604 2523 4042 2854 2796 2953 200 2233 1194 3478 3321 2070 590 1265 3578 3521 3938 3594 3791 1070 2141 1250 2798 628 3325 1227 3192 913 1741 2498 2947 2132 1478 3429 146 3563 1298 2450 3110 777 2540 2718 1389 1459 3746 2863 537 
936 3004 951 2380 1899 311 1933 943 3054 490 2473 2722 221 778 764 2189 2436 457 1130 3157 93 281 3685 491 2362 398 2087 510 3083 1377 140 2769 589 656 649 1063 272 1315 1869 90 2467 906 4082 3211 2781 1827 224 499 3338 2775 2239 2648 625 484 3350 2460 1663 2229 1669 3696 1426 493 1691 3109 
1891 386 341 4003 1552 2054 1076 370 3013 2 1274 1781 263 3963 512 1208 1436 3990 3639 990 3611 3159 697 3261 12 3717 11 2181 1723 426 2290 3099 2718 2102 238 3588 1376 4035 2135 2428 3209 1908 19 167 3276 2678 3826 4063 4078 168 678 1068 1870 1879 1634 1745 1301 1058 2317 3 3578 1021 3363 693 
