100
3503 3060 7912 6288 5050 2078 5263 3670 9564 2279 5605 6507 8661 2071 1071 5565 4181 420 4886 5108 9691 3909 3183 2757 668 8513 7832 5364 4668 1045 9744 1238 6157 6452 5172 1876 5457 8984 5810 603 557 9431 9307 7441 5004 786 4922 7858 764 4583 1676 5592 4090 6166 6379 1721 6277 624 2251 8714 7185 843 6655 1586 4971 8386 4377 7865 3604 9705 1741 4015 4460 2063 4480 3065 4748 7228 5218 5173 9839 1178 2373 5663 5614 463 4649 3357 295 7240 9782 1397 6185 6754 7045 4430 3759 7266 3308 7235 
934 9509 1780 7556 2397 2433 4120 1863 4056 6602 5339 5404 6049 4128 2838 2158 1532 6454 4622 4069 3732 958 9262 440 8663 1391 7334 3039 4603 7464 9504 3607 12 511 9514 8911 4164 3218 9301 8799 2885 4031 3945 8681 2182 1311 9347 2935 6423 332 3084 7284 130 3140 2375 5271 6288 6326 2342 761 7909 1321 4633 8232 218 4203 8213 2740 7893 6311 557 9414 7991 5552 3344 8945 6642 3578 8527 5936 4148 5896 8888 7103 9588 9295 3699 9590 2440 5754 8569 9392 4577 3351 796 1034 692 2030 6152 3318 
3845 1170 228 1407 7762 848 5908 1735 9369 7845 958 6589 7975 1980 3574 9978 5822 5732 8057 826 9154 7407 771 776 241 6727 5053 5377 6557 3260 7110 3291 8359 8073 9373 4591 8553 8740 1736 5185 1807 1475 4852 9984 3139 2572 5242 585 8069 7685 9802 9686 9443 1722 4471 6420 4474 6557 479 8514 8873 88 9493 7653 3694 8206 1196 7384 9200 9007 594 1825 5193 8970 4342 8703 4861 9661 328 1135 8715 5896 364 9054 1151 3535 3659 8713 4753 846 9910 1296 7870 39 615 2905 9920 3254 5510 864 
9869 4134 3460 1836 5721 3597 7032 3517 6089 7810 9444 9474 5910 7359 3139 3111 1721 3921 7121 6251 3497 956 8102 7215 8014 9116 4209 4139 1745 886 4046 9227 8946 5629 9171 8870 5333 5792 6973 1631 9754 8768 9233 6964 6360 4656 2161 5668 5446 6453 8078 2782 6358 1645 9285 4356 142 7788 2151 4590 2803 6081 5992 9691 756 3911 3380 1907 8304 5687 1497 8743 5350 1451 7605 2458 7575 2973 4365 3321 8794 8878 4342 6613 1692 8707 2180 5730 3409 554 1165 423 3131 5658 3561 7062 1190 1832 7193 4150 
5470 9574 8880 8523 6366 8310 9314 6056 1366 2060 9384 5114 8344 289 1773 7157 7631 7140 6905 5229 6316 8091 3879 6091 1390 9591 4004 7599 4285 1765 6375 9844 8724 625 7159 6031 169 4373 7758 7057 3961 8703 4712 2428 4917 9121 967 4770 3987 1506 8263 3849 1075 2290 6617 459 2031 6330 6254 7674 4829 8210 5506 9073 308 716 8370 6661 4265 4429 2523 9002 1029 5900 1105 3618 3012 4755 3592 9488 3645 3987 2803 6939 9753 9284 8711 9870 9922 3161 1306 7964 8265 4786 2829 7649 756 1099 1108 5395 
2306 3826 7742 2679 7548 1606 7925 6992 91 74 6548 8595 6896 2873 1456 9014 3891 2532 1508 1830 1803 567 9933 8904 4870 6745 1950 9575 7031 7826 5937 9804 6362 4711 8907 7852 9764 1473 507 6779 347 3851 1183 9310 9727 6042 2162 5006 6709 1319 5942 1305 6142 8920 8730 8978 5688 5293 8552 9192 944 6837 1694 6069 9987 9537 5894 7549 4816 6704 3924 3782 4555 3274 3980 438 3424 3929 6318 7320 546 9184 2623 7513 6048 4591 7013 3199 6514 5407 5038 4008 4390 8520 1934 8752 2849 7171 3635 6605 
7860 3065 7718 1733 3581 890 5953 5487 6231 1129 6151 2967 7967 3300 1445 1434 2467 4738 2179 897 1625 6422 198 1803 2954 7216 6053 5347 3577 1810 7110 881 9572 1359 6213 5628 7030 2383 7152 1917 6198 6560 9442 3679 1615 2839 8170 9490 2333 6100 8615 1950 5681 1763 9362 1125 2577 6671 3128 113 5919 9089 7635 733 9380 8246 8020 7520 5561 9022 8943 4691 7170 7777 3538 1636 4088 1932 2419 4147 1457 9769 5894 9482 7261 3901 1608 8761 3904 4906 5018 2687 9479 5813 4413 2453 9897 1234 7367 772 
5628 9051 5040 8663 8656 8319 5644 5467 3036 7976 756 8818 2371 4437 3347 6407 1266 8581 7322 3436 4953 9621 5840 7744 6468 529 2794 1260 853 4823 7443 6236 6944 2681 7608 7019 9651 3808 9698 8215 8863 8174 5761 1699 7863 1964 2978 3179 8612 2514 7405 2706 9730 3013 9757 3080 1275 3258 7788 3080 5054 4601 971 3245 6972 8044 4827 8692 8239 3767 2363 9100 3191 5074 1150 2826 8513 2498 1464 2889 9254 2918 1893 671 3390 780 7974 9691 3344 3235 7129 7051 5591 6012 2803 3465 9890 3450 3517 1701 
5144 4904 9113 4670 853 4809 7343 1962 518 8139 488 278 4269 1589 1158 5367 514 9599 6622 270 5446 401 3923 6825 6148 9316 5280 5927 9879 468 530 8164 5762 247 4976 9154 1728 1751 375 2408 217 1563 1702 7284 5037 708 6531 4957 9120 7843 9385 8756 930 6792 5455 7064 5146 6517 4533 2200 9838 5216 957 899 3441 7720 6196 5963 554 9391 2204 9288 7965 3318 7191 617 409 5046 6210 3734 2253 4890 5612 4657 4343 6955 9569 6954 4859 8003 631 4514 764 3298 4292 9687 4890 1999 5722 1230 
3064 3990 705 8350 3304 432 2799 8569 4758 5920 1526 4214 3550 9914 3978 6665 2107 286 6381 6229 8973 5874 5833 5912 8325 5517 5514 5476 7648 7568 3269 8365 110 927 8361 5470 3118 7213 2369 9974 5768 3302 2962 8912 3078 2085 8935 4689 6431 5910 5815 7259 7682 2262 7632 8750 4684 7254 6834 8957 6167 7759 5434 4782 4319 3695 521 7739 5553 3841 3089 4998 3106 4267 316 1050 5401 2017 7304 1052 8474 4887 8451 1408 5952 5411 9087 1592 3878 3329 850 3319 9011 5120 3212 4100 6768 6537 3414 2426 
9766 6208 804 7244 8601 3252 2470 4934 491 4624 3057 6591 1086 3332 7860 1594 138 3325 7338 923 4327 864 4220 7718 72 2103 5104 6868 2404 8914 7138 8463 5890 2607 7373 397 128 8644 1317 681 7936 6872 3188 3212 7024 4497 7072 859 3172 713 2374 5594 1122 7770 997 1406 5498 504 5609 3248 896 3486 2882 3102 9064 3552 2464 7947 7004 5647 2717 1319 9405 7884 8136 4873 7011 4596 6521 1624 1891 8089 3030 809 8284 8273 2833 9395 8286 8519 3083 6798 6488 7808 4298 2858 9100 1976 2930 2172 
6257 1963 4179 3411 5220 9343 7742 553 3949 2046 9781 8373 3737 4050 6766 7549 8089 6777 3428 5128 3990 1832 2987 8450 2080 5900 3102 569 1506 1275 262 5940 4995 1497 9576 2771 6619 4615 2844 2001 2511 2358 3478 4534 8316 5240 2211 5049 5644 663 7970 3875 456 5280 4012 7118 8795 5287 3297 4029 4142 9950 9153 9429 4597 6304 3427 9913 9285 6391 3222 3475 5840 1021 9585 6446 9263 432 2777 3441 3498 3983 6815 294 5143 2881 7027 1336 5309 7685 569 3450 7940 451 1558 5093 5596 5729 3959 2618 
2566 8466 5630 5317 5730 26 4603 706 5558 6764 8451 8378 8663 6708 3343 5909 2695 1280 5011 5619 1596 8681 9481 5910 8793 1104 4441 3751 8715 3795 8440 9993 1858 638 6571 7755 4506 8990 3814 9414 8565 6450 1365 5942 9542 5562 9573 1574 8349 3441 3920 7172 9850 1063 5716 499 3376 3991 6799 1888 9559 8 953 3516 2077 8542 7710 4887 9451 2496 9735 8798 272 3060 2371 4011 9180 1351 1495 8075 2523 3737 7375 2606 4300 5380 3423 6823 1676 4029 2123 2658 7572 9476 3376 6997 652 2150 6989 2431 
3514 1090 5633 6686 91 3560 4914 253 6397 5292 8503 2681 5719 7066 9571 4997 7253 9556 9487 6900 9811 487 9202 803 9462 4572 8799 2585 8898 6506 7916 1302 2219 3208 6890 649 6507 1808 854 2110 9596 3487 9723 7348 6483 313 4593 1085 4154 6682 1958 4062 6841 2391 5655 4102 9728 1299 6268 8396 5618 9230 4413 4833 6721 647 1077 4052 2563 8754 5473 9780 3182 516 6453 9344 9685 8651 4076 4090 1103 8219 7177 4315 928 5315 3455 496 8358 4638 2553 2177 978 6614 3047 9938 9553 1298 9397 4531 
919 2208 5258 8338 1927 5630 426 8945 5968 6882 1272 1393 7863 1722 236 3869 8557 6894 8125 5396 8334 2929 3483 2014 9766 5670 2555 6639 8399 30 4272 6858 9099 4256 2146 4749 6186 5378 5486 5898 3401 5764 4282 4053 6855 3980 2243 2665 1333 3467 8037 7366 3002 2303 9478 3189 3168 9234 2655 5052 6894 479 3688 8236 1475 9188 1503 503 9660 707 1557 9312 6658 7827 1221 379 467 8676 5522 5955 6779 48 8332 7642 9743 2860 1582 7499 885 670 1911 8971 3587 4040 7106 9614 4275 834 213 5238 
6112 1318 7315 8199 3809 885 910 6741 3406 407 4669 111 4835 1536 3989 3557 3376 8413 8999 7652 6218 3518 4870 7746 7106 9774 6371 7796 848 7709 5655 2590 3228 7199 7980 3554 6168 8332 7256 2441 5133 2280 6487 832 7409 8078 3060 4730 9506 5398 5364 723 1490 6966 5568 6628 9230 6100 3581 866 3725 1209 3993 1489 8129 8480 2755 2039 221 5374 5639 9115 7460 2572 1190 4891 2809 2496 4462 9645 7737 7114 8155 3869 7521 7338 6649 7302 3484 8814 7621 9692 5997 9737 287 517 38 4112 4558 3896 
6259 158 6512 6893 1158 503 9772 3332 3232 3865 7687 4994 104 5246 5199 6262 4123 2574 3095 6762 7984 6306 8591 2869 8422 595 7790 9709 5533 1681 4927 9770 974 7183 1943 6053 1512 8236 4543 783 7944 333 8961 7166 8564 6837 6083 5298 3828 9078 4139 3670 2733 2161 9950 3154 9740 8490 1898 9758 5419 9703 2988 3520 9475 1159 318 7174 7342 3887 7457 6351 4119 2559 275 2036 5937 9364 5132 2549 9472 7095 875 4941 4952 3906 2216 8279 7057 8290 8694 5146 7027 4583 4183 7712 8420 7593 3051 5029 
4507 1701 8215 5226 8896 2053 5662 9480 4834 4910 6703 338 2052 211 7450 2516 1557 7366 4368 6904 4042 9935 2742 5623 6235 165 6709 1324 5063 1129 6738 6388 2756 402 8149 7138 1671 818 4008 8207 3820 7032 1918 9006 8099 1631 6061 1182 6023 820 5865 9768 6604 8277 1231 8776 4916 1012 2187 2841 7406 8858 6374 3449 6237 6009 8463 252 7744 6026 8292 2476 7907 2133 5966 8445 6385 7151 3783 6703 1459 1118 8265 5165 5178 7096 3716 8242 3653 4633 3211 7579 1087 8546 5915 8343 8297 9311 1689 27 
303 6945 5815 7251 746 7178 483 3027 4018 568 493 7707 9949 6888 2850 1369 2056 3452 4697 4904 2448 2839 9610 4726 206 3716 6118 2451 3469 7671 7239 4325 121 5819 4868 9961 5750 5563 7313 803 7402 9308 385 8695 7160 8183 7865 5281 5194 7029 8019 9134 474 7586 7115 5101 6637 4596 794 2208 5628 5141 1244 9148 6417 1132 3328 3264 8906 5675 1132 6099 1773 4257 5530 8694 2281 9678 2706 3432 8820 2647 2341 9672 5590 7712 148 6741 6001 2150 3051 2418 636 2447 7790 9557 5306 8472 46 1726 
1468 4910 1559 4613 9120 3577 7609 1980 4163 5730 3474 964 1594 4118 6676 5307 6537 4738 3368 9442 351 9038 7934 6189 558 6086 1600 3924 1306 1891 866 9623 3390 8137 5896 5438 7381 6137 6981 6205 7387 3447 2778 6743 1441 3030 4163 7786 4903 8639 4634 776 4809 832 2599 7654 6025 145 357 8076 9125 7457 8385 7933 5700 3504 7825 3825 3570 3398 5583 2590 1701 1392 9153 9974 5228 9819 3207 4009 8819 2664 6736 4586 805 5104 9112 3200 6511 9793 8482 5363 9453 1767 9038 1654 915 2694 1208 52 
4522 2786 8925 818 3269 3474 1530 6596 6063 4361 3331 9196 1026 5428 3228 2030 9734 1714 9256 1023 3349 1277 6891 2955 3159 6423 3934 9941 1567 4751 3487 4313 625 6835 5442 2350 6590 9408 8857 3655 8142 6020 3675 5000 5016 1109 7636 1318 3217 4490 312 2711 7022 9943 565 2441 8664 1942 5252 1038 9356 3664 8779 549 7179 9212 5059 3028 2693 4958 9249 1441 1917 8753 5396 6704 2841 5151 9466 2839 952 7884 2734 445 704 4627 6690 9105 8531 6680 9909 6518 653 5741 8689 4540 4269 3808 6883 1274 
3533 5921 2520 1031 1408 4722 4945 4425 5464 3495 8995 8388 8000 3132 6093 8116 6444 3862 6023 2102 7484 9778 4323 1120 5463 3449 1043 2561 4137 6133 4343 2051 7131 1069 3184 541 9132 1212 6534 7173 9369 0 7107 6595 6014 9391 1498 768 2073 7491 7527 7789 6935 6422 101 5552 4365 5529 1766 1738 1669 3294 3922 7236 803 4245 367 1111 6691 3219 3848 4314 1250 8351 254 5414 9301 8023 3112 7830 5209 4575 9064 3818 7160 6185 2572 427 9044 4384 5614 1897 1556 8046 2280 9999 5129 6366 71 6328 
4875 7580 5403 2843 8821 7688 472 8802 8489 4569 5324 3033 1761 478 2173 2993 5299 9088 8494 3028 3504 9747 7342 3459 5738 1435 5214 1946 480 8331 8941 5973 1303 8313 8210 9229 4310 4350 516 6811 5374 2105 9017 8941 2356 8355 2905 5878 6285 4861 2015 4399 7925 1509 9852 3435 6587 7736 1223 6969 7117 9377 5797 3890 8395 8784 6033 9779 5018 7477 6760 8228 1848 4044 3363 4518 3255 3347 1346 8700 6889 4405 738 9264 5094 4235 2763 3687 7788 1513 7992 2446 3251 3508 2771 2195 1595 1555 9596 2049 
1957 8963 3558 5571 8940 1972 7791 5545 734 481 3530 2712 1882 8909 9115 3436 6648 9896 7150 3641 4479 7106 644 1631 4791 7846 3403 2316 748 5063 9624 3707 6507 5241 8212 2618 3580 6582 7584 2537 1708 8801 8407 6142 486 2231 5583 2422 1070 5121 9770 8102 1098 9286 2911 9855 477 7182 3985 1296 7137 4337 9817 8917 4207 861 7268 4430 1150 935 5067 7050 9591 7321 7195 7602 9521 2713 7969 1858 557 186 9668 9394 6720 9867 9262 8147 2216 3134 920 7892 4493 2996 1969 1236 214 3891 1659 9778 
8197 2217 2659 3601 2864 8266 7787 6551 7789 9061 5349 6565 5993 9814 7230 1072 7157 1140 3460 4445 813 5050 9446 6508 390 3075 5495 4027 2836 8510 6830 652 2005 5842 8813 5505 4302 9322 7899 2643 7983 5793 8176 7777 5381 2201 5501 7734 4557 6901 2678 339 9728 7287 3901 924 8767 4244 2604 8335 5084 2147 4399 4174 338 6276 1227 798 4659 2221 1503 5640 6300 1808 9318 7932 7558 2424 5701 2742 3756 5842 5335 809 4100 921 4899 2343 1900 8953 8150 6387 1475 741 5171 6189 6145 4677 2004 9372 
9843 5863 8475 1515 9447 6629 793 7530 6784 9607 7834 2053 727 9823 8139 8673 2398 4675 9674 6162 5394 760 4873 9851 3917 6793 7326 4429 9732 9735 2905 2080 3380 3082 8466 9119 2196 4374 479 237 2487 1177 8208 4198 1296 6272 7671 3809 1570 3802 7575 481 6259 9396 3432 8315 1901 9059 1491 5234 3201 1552 2432 4573 6936 2765 2586 330 1383 4566 3436 8315 8126 3587 9339 5423 2093 6409 3999 8012 6579 5473 2510 7800 9429 2656 4199 7927 4360 5973 9928 4447 3291 6962 6781 4055 3443 9250 6470 1710 
9508 5960 6163 5464 8857 5656 286 2738 7169 3951 4245 983 6150 2252 9459 1163 6411 5986 3834 1204 6897 3558 8128 793 6 9779 723 3603 2747 8973 7641 2224 7616 50 1704 6214 9134 6492 9503 1316 3200 2340 4543 3716 1135 2769 1594 9021 2505 4285 6326 2405 3389 3272 3358 5444 5542 6006 9542 2916 9026 3459 2376 7188 3053 1223 384 5579 3823 8741 7168 6153 2126 7997 6529 5849 8145 7889 5239 2659 8739 2357 6111 1375 4720 2591 904 7588 4527 4094 6555 6638 2508 2248 3208 6381 3937 5659 1518 3354 
896 8292 9095 7941 9792 206 3038 4873 5809 5043 4366 7873 8845 7582 4712 2948 2830 1888 9136 6188 790 5457 8853 997 9310 3119 523 7456 8495 5938 5223 6919 471 9328 1062 1579 5544 8779 5770 3897 4531 616 1170 9083 3660 6636 4053 5770 1898 5919 6875 2338 1789 3794 6744 9774 4748 1308 4806 4450 3691 9920 6958 5047 2710 2987 3778 7008 7836 3081 8378 3980 9690 3335 8073 9589 4082 6323 3291 2085 4841 8783 397 3208 8890 9269 6953 3180 4650 9668 1085 8884 6153 4393 9591 8317 8305 5145 159 9848 
2671 5050 8817 7718 9291 3009 5669 7090 3477 3862 3133 3287 5998 9845 6506 8482 8688 9485 4107 5123 2027 2411 9556 8685 6029 1105 4423 6077 6189 4991 1345 8135 8869 7235 9955 9291 9641 141 5883 6983 2152 1291 1103 1046 1022 1492 534 5558 8419 9088 9507 7031 2692 7908 8415 7792 2076 8636 673 11 3694 4592 1388 7920 6306 5769 8373 1168 7242 8317 3648 9160 3039 6613 1462 6885 7421 2192 6885 54 6200 6161 7364 6413 697 3316 33 4656 6153 1934 6762 8716 7592 4673 9860 4025 7194 1998 8843 6328 
6000 5573 6614 6360 5934 1769 8774 7336 7838 9631 4507 504 6977 900 2787 2920 7309 2718 5824 7666 7191 6875 5333 5363 5822 4086 7597 6004 8578 9064 8759 6327 7007 314 1634 3069 6586 9241 2609 3908 6694 4674 3019 6462 8851 3661 6419 7261 9813 6279 3502 6746 4444 2487 1142 3540 9157 9266 6714 3862 9756 4297 9071 5697 1884 2672 9960 7977 6917 4410 365 6860 6729 2592 8363 5516 6995 7296 6232 6798 2900 5618 9393 2827 4796 9958 1618 3476 9905 9017 3889 3570 4446 4935 6231 3131 5851 4890 1228 1457 
229 1264 2974 1908 3627 634 6397 2648 4164 4273 6791 3057 9071 8308 8539 794 6649 2140 1356 2918 3253 1168 5892 8558 8811 8580 2402 888 2608 8092 2514 1065 4829 1967 7095 3441 4063 4631 2375 372 4346 6068 8627 377 7850 5072 2689 4764 1528 7005 3753 5438 9430 1035 2168 9244 7063 7926 3860 7213 9886 4427 9693 4068 6161 5195 1836 3494 9129 1945 8235 7589 6649 3133 9424 6603 6841 6923 5144 5074 366 5245 9276 0 2839 7037 3314 1377 4567 351 1426 3452 8570 9243 5763 3287 5605 5752 6546 9943 
4831 8980 8734 8271 7734 528 5315 9385 4303 1352 4290 3971 2094 1009 5465 4177 5790 9067 1060 2289 4989 6117 8143 8651 3431 4047 9702 1846 5070 2699 9612 328 4307 5869 4324 5334 5427 4130 6000 4521 6273 4940 6836 5698 5164 7595 9925 1332 2844 8728 1459 9599 6847 6155 752 1677 9194 7740 2172 8533 4606 1718 3615 5966 8073 2055 6513 3277 886 7221 7962 9087 9794 5835 6081 818 3948 3584 8691 8877 5992 8424 5923 6080 2079 9268 9352 4343 8343 2277 7287 9240 8523 5998 4317 9803 1399 5543 9161 3433 
7346 6590 2453 6477 7863 1704 8943 1176 5490 277 8408 3073 2452 7041 1944 9673 1443 6230 9099 3003 9538 6479 4876 2786 4520 1096 3309 3622 3343 7505 2128 5150 9307 9953 1701 841 7908 7687 5313 5560 1954 7804 2247 5843 2229 4468 6949 2363 8286 6932 7262 7631 5198 7229 1519 7289 9561 3158 1649 3568 2933 9608 9098 5936 69 4770 5167 8006 93 3341 5226 6005 8017 1610 8564 2727 6542 3544 1024 8813 3605 7138 4196 6407 4159 8564 1124 8207 3234 62 2701 9631 4303 8593 3291 4963 3348 6502 3207 1209 
9973 526 2960 1973 3954 2068 596 9201 9652 2719 6412 1954 8666 179 9682 7093 3499 1927 1583 5992 5143 2258 2325 3318 5311 7215 4518 810 5133 5551 8080 6965 4752 3933 8933 7994 2728 1884 1723 3542 4267 1549 2236 3869 4322 8125 3995 4751 8260 6203 6500 2714 8028 1255 3662 4809 1481 9606 3185 8106 5842 6354 478 9390 6596 7151 303 8249 6425 7464 1643 5353 5879 6103 4118 5411 594 3427 9059 1640 1983 2308 1927 9223 326 258 5756 2909 9778 5835 9406 4759 153 2452 5285 72 3059 2183 304 3670 
6681 8058 9066 6174 9611 704 5484 4744 7533 985 559 2645 5263 1461 5596 356 6216 8102 2994 1637 9582 882 3538 8085 645 8295 7322 7335 5650 4506 4525 5156 9994 6168 4492 1977 8828 541 8243 4623 6359 2451 3778 8296 9705 1538 2918 7029 5238 5350 5684 1509 3377 2686 9937 6119 1002 561 7265 2000 9972 4411 9450 2840 5969 5733 6676 5039 4493 2498 8799 3198 9988 949 4993 615 8833 7920 3595 6366 3860 9912 7926 8273 8414 5684 6847 7699 5740 9028 381 5238 9406 8351 763 9702 3267 5220 8246 5123 
7107 4018 1668 1655 3960 5331 2943 1014 4522 7139 5117 6962 9318 1294 141 1998 2554 5175 3040 5147 4895 2374 3426 1038 4964 1161 8388 5826 6723 6619 2423 2618 8450 9377 1958 9039 280 7553 2208 1143 393 6782 2289 3943 944 3438 3485 655 1081 1644 8696 9251 2664 3529 8133 9003 7865 2750 3176 4176 1109 8508 3354 7334 2381 5749 2873 2153 8006 6883 313 3920 4242 9013 9051 1855 1879 2539 7977 5944 5934 8743 1403 5089 8042 4547 2857 7296 3570 1201 3037 9843 3485 4093 8371 9389 3561 3023 7361 747 
4184 877 381 5604 1208 9533 9024 2894 9214 4392 757 3742 382 7579 6269 4727 5081 1846 5282 1204 1363 5751 8822 5280 5711 6017 4935 210 8874 8965 5857 2375 4097 4947 8337 6424 1392 154 3074 2026 872 4843 9813 2068 7996 2780 4801 3354 9609 6504 7877 1960 5391 771 9782 9003 2032 3436 1258 3738 4067 5291 3583 2546 5509 4233 5784 3886 6318 2223 7237 9189 1867 6231 5135 1918 5181 399 1549 6062 7326 1276 1701 7554 6667 9626 3250 4056 3986 4930 5134 2472 3913 964 7453 9008 6008 8532 3783 6524 
789 8257 2255 7589 811 464 9924 3856 8133 9351 7747 8055 1196 4422 8375 9205 2059 6704 6591 7931 1339 9206 2122 9936 5008 2773 9969 4149 5967 7766 2176 5861 4666 771 5347 7179 6874 1738 6410 2879 8632 4697 3545 1737 9272 6745 1342 2518 466 5800 8911 7783 5870 9758 1791 6230 5611 6769 8125 5188 1084 9572 7242 7742 8833 7434 8069 2478 1469 2361 900 8094 745 3641 881 7351 3572 8011 8942 4439 7061 2086 6807 2641 6463 6365 7795 1759 9071 1453 1062 2354 6901 4722 2054 4714 3101 6249 4648 977 
4841 1744 8839 6209 2717 9594 4128 5094 1286 3055 7596 5710 935 1376 6219 4429 8130 4327 6266 5933 4288 8300 9216 4035 1949 4661 2475 5069 8307 9765 1810 5879 9393 2149 54 7004 2471 1793 9498 8762 3377 6329 3276 7230 7294 4727 4799 575 4091 3120 470 1351 7057 5795 2079 9915 6520 5935 8682 4699 6566 7426 9077 389 6857 8539 9413 6388 4652 1089 1267 5590 921 6141 9440 9340 4811 7649 4727 9082 847 8316 8525 9166 3863 3510 2055 141 2778 8629 1257 9257 4092 8835 6102 1727 2197 8838 4969 7660 
5872 3183 415 2096 8034 3678 6782 9483 5653 6530 758 6947 7249 2927 6419 7368 6550 7928 2460 7071 4264 2508 8347 4538 4742 1516 7641 8584 4185 7354 2454 5897 6902 7086 7505 4346 2401 4434 2266 79 1726 8589 4130 3870 1156 7421 5851 1064 5921 2781 8786 8451 132 9046 85 946 7083 1346 6498 6422 1769 4956 2670 6893 3075 2786 8671 6937 8872 9948 919 6540 4411 3783 5341 1071 7262 3754 2921 7554 7853 1258 6812 3181 7156 7529 9626 9701 4061 313 2357 3499 5226 654 7943 4638 4459 4273 2316 3569 
5133 3712 3145 1031 7696 8339 7261 6218 3443 778 9746 587 4813 9891 1408 403 6458 7031 2255 5832 8897 2356 2102 4748 7695 8053 9701 8880 8578 8925 8923 8341 5971 3746 4917 9075 1392 8358 9940 5474 4757 962 5162 5877 9895 9723 9344 4680 6940 4230 167 5742 763 999 9801 7325 2444 7797 2411 9333 1275 5914 6994 4875 7726 278 1598 20 5744 1523 1159 588 7609 244 2819 4871 5308 7526 914 7343 2750 9928 6390 6972 9502 7895 4402 5761 9573 9474 5821 931 9178 9213 1267 6149 4050 2800 1945 3182 
3411 4287 7738 7692 4388 4741 5795 1522 7987 5929 9336 9341 2722 3171 6017 7940 3791 3160 9924 6093 1150 8448 2736 2061 4773 8665 9651 5000 1971 5877 329 6902 6622 6222 2705 6678 2857 2345 222 9212 9518 9128 5319 245 2109 5834 6699 8124 6449 4733 9717 6886 4027 3220 6855 199 8606 2019 9862 1559 9142 7975 9010 8687 6981 1731 1216 7565 8604 1172 1910 5144 8850 9398 5635 6061 4516 4928 6457 1863 5081 4123 375 4637 2849 6768 3447 1478 3161 4078 2880 4184 2334 8107 2409 2861 5036 7042 9755 8519 
6017 8443 5650 2298 963 7176 624 2247 9642 8907 622 6122 683 7525 7151 1625 4386 2889 1971 3997 1164 9647 8821 7325 4414 9141 2241 2005 5334 912 7734 9910 5020 8784 7363 7798 196 305 8418 2840 418 8158 2574 7543 3466 6032 9842 701 3956 5700 463 6832 7305 9002 4217 59 3516 6217 9247 9546 5704 4385 4949 7198 3505 6744 7311 7073 4137 8614 6205 1140 9603 9372 9966 7796 1244 6751 2866 8188 3978 6835 5648 1971 6292 1618 4416 4390 4204 9132 6726 3440 2837 4136 2507 9989 9301 7784 8730 9022 
2984 4010 3748 143 9278 8699 4737 3749 1250 3831 5956 1723 8264 1227 7513 59 4323 5260 8333 6913 6368 640 9594 3707 7762 281 7726 6253 3243 642 5751 2386 8643 4962 8413 8188 2648 7950 379 524 1011 7691 1612 2669 338 5169 7726 955 7688 2379 2790 6609 7069 6970 912 112 6547 8841 4256 6252 2598 6556 4058 3119 6479 5682 2570 9761 5094 5817 6641 4799 8993 8752 8702 7128 6541 6599 1700 1623 7639 9171 2029 5051 7272 7903 8395 8290 4539 9484 6310 1747 9372 7016 8936 8379 6927 1453 5089 9744 
6570 4032 4311 7329 2416 1130 6477 6798 2219 9443 5311 8964 2390 58 1288 8273 708 9057 9216 2373 3263 6981 9877 3033 7073 9196 1588 8938 9624 5831 7092 8237 7866 4887 4608 3015 3094 1771 143 9636 9058 5703 802 8085 5238 3057 9193 5527 6693 101 4914 3358 1539 9833 6143 2193 6007 4634 3666 1726 2942 5189 3688 2478 5369 4642 8656 3843 6773 2266 6839 1054 1029 8777 7345 1870 2670 3294 9749 4291 1423 6928 7301 9376 3034 8011 3801 4174 9747 7352 7495 9869 6037 7578 2545 6613 763 53 2508 3835 
4162 681 1416 1264 5128 6412 1600 5171 4112 9285 3024 9447 9574 6228 1646 5359 8041 2464 1799 5861 122 4281 6135 1082 1712 6235 4915 4936 9109 788 9543 643 864 540 1687 4237 9663 3123 3876 9225 9649 3578 4606 9544 6270 4855 8272 1903 6148 9147 8141 2138 2559 4176 1972 5449 9091 6716 9858 2024 9145 7795 3829 9965 8180 9017 1577 923 1103 1188 8065 1763 2229 2655 115 58 1116 2523 6848 7173 9614 8465 5486 7121 9830 4387 8804 7791 9812 9360 2674 940 6573 6486 4507 2031 6338 369 2112 3948 
5770 4866 7866 1813 8767 7547 2947 4544 5298 246 5313 3412 7516 3829 1984 8861 739 4341 7851 1295 6853 9980 7479 1975 8611 8705 1132 8316 9533 2250 3713 1301 6326 8608 4211 3844 8452 8160 7201 5632 8998 2923 4455 2848 6130 3740 6197 3683 5450 7577 5500 333 9466 5059 4933 7564 5185 456 45 201 9882 9144 1040 7849 4166 4852 1681 2947 759 1154 1955 4716 4571 5901 8759 3742 6435 9338 1603 343 2928 8869 4859 8062 2633 8698 2223 2352 3146 1935 6289 1512 8461 8542 6433 8414 6478 3089 9639 310 
4445 6006 7067 6089 7333 6642 8436 1233 1508 8306 9084 9357 551 6236 109 6036 852 2308 9147 3063 3603 2506 1020 8543 4441 9793 3896 5158 3810 3931 1673 5137 714 3791 6687 6122 6585 9405 2323 8333 2793 3304 630 264 5845 8866 6421 4021 9983 4294 4683 6228 4046 6094 1763 4769 2259 7572 7336 182 534 7286 4092 1449 4658 6739 3473 9589 3417 4097 3591 9830 7205 3921 1971 414 7549 8171 7144 9109 5312 4115 2244 5725 8049 3405 42 1283 3102 6956 9223 5137 8399 5398 2851 1329 872 627 4982 2924 
5115 5444 6581 7409 7709 5041 3848 7217 9875 5691 5737 438 8601 8352 6490 5460 9886 924 9971 1928 5504 5004 2680 5101 1343 942 355 7517 9105 2549 2531 5444 8098 7257 1728 3905 6485 1563 8313 7334 9627 1302 4972 7822 8542 208 3281 7278 5787 8495 5988 2260 8363 425 1166 9468 6924 3764 2575 7986 7856 2205 7882 6689 4754 3380 4316 3370 7920 1171 8378 4736 6505 8399 1702 2320 9381 9944 7549 5903 1867 7323 7201 2395 5779 4086 7134 6291 1705 2411 9691 4451 1530 7870 9456 6183 6111 5497 6046 3920 
2435 6287 942 4885 5458 204 3610 4369 5632 1707 5250 7210 3282 9394 7917 5442 669 7736 1917 806 6090 6327 5164 8148 8243 365 5544 265 2989 3148 6649 5448 2833 8656 8347 1303 8441 9393 2221 5620 9443 6574 6884 836 69 842 332 764 5725 1811 813 8345 8531 2844 2918 617 367 7101 9880 2284 9216 5073 1969 8357 3248 5709 5092 8395 9297 8976 1666 6573 5123 7525 503 706 1494 373 7171 8237 8567 9434 2371 8735 937 3758 2011 8103 9377 6963 8547 5268 8861 5596 2091 1628 2497 6023 2364 5717 
4272 5438 8301 8864 3476 3331 2638 4357 1563 2585 2581 1929 9646 7873 6259 493 8046 5074 1313 9889 3309 8786 6668 7013 3767 3153 1467 3791 8283 3861 7609 2008 3882 5951 5011 3217 7770 4380 8847 1140 4919 936 8647 4773 823 7949 3697 1095 3544 6202 3420 3211 4057 6207 89 483 9570 3860 7203 6884 3776 2680 2845 4458 1361 7847 135 2181 7880 8357 1100 4737 4846 9128 2859 772 5621 2658 3648 9745 2714 3275 8575 3737 4567 5165 6700 8385 5666 2761 4761 1422 9765 1495 8973 6781 9642 2986 1902 6639 
531 5970 331 3490 596 6731 1080 7387 3934 9283 8870 9870 6424 4745 1486 9104 9531 2369 1946 4820 7307 8228 5585 3410 2846 4676 6125 8886 8682 7212 3019 1700 2175 8422 8526 1529 6125 2407 1584 860 8403 6133 5958 468 5430 5432 1790 9779 2203 8174 7624 7584 8001 1337 4718 738 6206 7299 3521 7112 4836 3762 6178 822 7151 5750 570 7706 3438 4894 951 8077 7835 3707 2419 9877 345 285 114 2982 3065 9481 264 9305 8633 8396 9540 7845 5897 6777 909 2537 5180 4462 9720 2155 2136 1621 1043 747 
5577 1590 1857 2305 7000 2250 6931 6646 7459 1178 2383 7582 4506 822 111 1938 2293 7505 2136 5164 2149 4489 1397 7963 230 4885 1504 8519 1277 3336 765 8542 3412 9490 2835 877 1583 5621 1080 1882 3066 4116 5128 2990 8289 6280 6033 7392 4891 1100 6301 6972 1700 56 4797 8387 2550 9180 7407 4060 3971 7474 1948 1912 2754 1957 9809 5939 7635 9665 7127 1399 9857 9728 4449 794 3619 5011 7378 7863 4302 1458 9256 1194 4363 202 5193 3925 3760 9669 5448 6576 4270 4520 6740 2509 935 1381 8781 9721 
7241 8785 8068 1231 9116 6736 3407 4039 6115 6780 5 539 7058 9605 4220 7721 3181 7554 9020 6085 7305 725 2655 4486 2930 6989 728 9649 5479 8597 302 2995 1269 9722 3715 1063 9583 7785 6581 7479 1975 3799 1024 128 8988 2602 3229 3982 1647 8501 2780 7446 4339 7409 137 419 4738 5030 2542 3175 1286 9145 5893 8051 2923 1647 4616 1971 8462 256 2119 6304 1153 8935 7701 9401 5278 5045 816 2796 9925 1926 6795 5629 4436 7435 7498 4169 9298 1750 297 1605 2617 8997 9096 4751 2030 6293 1047 8422 
9101 119 1082 1366 6805 1984 9674 4859 7198 2715 5096 2887 19 649 4830 6078 1983 1689 9924 9310 3576 5074 4956 9949 5475 765 7531 8506 8370 751 4308 3653 9873 9972 5090 8283 8089 8792 7089 6762 8238 8558 794 4387 3468 8339 826 6429 3065 6861 4493 5653 4246 5806 6076 1875 1143 5732 8625 2153 9261 178 5922 9429 7965 1993 8562 357 2047 2896 6639 4282 6916 4468 6841 1588 9876 2648 1361 6989 1556 5133 3865 9011 8977 9388 8925 5197 9179 9072 14 1646 769 594 1847 1751 1541 1308 2910 1703 
4395 7327 3529 5022 2643 8095 5913 6095 1617 6651 3480 4564 4757 2203 9067 4923 3996 2115 468 8045 1555 9124 9142 5519 5074 7938 7285 5554 4237 7104 1674 3254 4674 6214 6737 9659 7312 53 9487 9111 2069 4625 5539 6980 2017 477 2503 6161 2348 2789 243 7560 8145 8916 1054 9232 7686 3446 9218 7225 6137 5912 315 8164 6776 3724 3868 4597 893 4264 4830 353 3684 4366 7877 962 5467 4374 9106 6777 5733 4375 7406 5490 3242 4452 7274 5043 4575 2707 7776 9631 4253 890 5189 1847 6545 1170 4830 8800 
5455 7886 6571 816 2292 196 2996 9761 9287 7961 4879 9112 9738 6508 5499 895 3539 3480 5581 6654 930 2797 2628 8761 4206 1369 8939 6819 8400 4031 2266 3232 6843 6137 1145 6631 1223 9690 835 4135 8377 7548 7362 1937 2656 4344 8653 5299 6191 6437 3579 8676 1586 2151 786 5435 2222 9352 3313 4058 8090 9845 8118 7176 9364 5759 8525 8541 3569 9442 165 2262 6373 2818 3488 7784 8635 9216 248 9409 5522 7869 8697 9802 9556 7702 6846 7816 4691 877 156 5538 7170 4376 8821 9869 1662 9859 4122 7987 
1432 8080 2128 2883 8608 5759 2877 7889 7118 1032 2879 2286 4528 981 3738 1746 699 5565 4652 8998 3568 7835 9823 558 3742 301 7450 3603 4781 3960 7972 6127 1534 4681 9062 1969 764 4486 9468 1729 270 3427 8072 8430 8541 9009 6978 7426 9197 9937 8560 8087 2857 4790 6958 6771 1135 9688 9099 4846 1413 9924 9503 5684 5127 5361 4668 3558 7887 269 6017 4171 4799 7958 133 6500 989 5125 8886 2077 6588 9189 3422 6368 2835 8018 9918 2435 7452 9004 6842 6833 43 4714 529 439 2377 8923 7447 468 
7324 7687 7616 1811 9188 9156 2331 4070 7669 4710 6905 7256 9596 2878 7001 9668 9936 4002 7682 7828 1287 2381 2700 9234 9330 9613 4763 8378 6565 9739 3833 1888 7431 3400 7262 4094 4258 6866 2751 9414 5000 4262 9568 6022 7059 3247 1927 4041 3318 8524 1231 585 4533 9424 5669 2115 1037 1715 7331 4243 9954 7926 4487 6254 7508 8996 3279 7391 1021 5796 7059 2169 6665 9034 2446 1003 4818 1293 3722 3057 3688 7779 7000 6679 2441 1017 969 505 3330 8559 4444 3157 2290 7568 2165 4770 7143 6911 421 90 
3752 5052 9884 1843 8014 8374 2360 811 5952 9083 1080 6657 5850 3739 1153 609 2520 1691 4604 6903 596 7749 4011 7173 7322 7772 9094 95 2197 7853 2023 6180 9288 2193 1469 7079 603 9535 3553 411 3551 7582 4099 5133 9056 1672 3231 2299 1510 4459 4674 8163 6472 537 1827 6550 6430 5423 2288 3915 9377 4818 406 8079 6257 3605 7404 6426 5314 6615 2941 8766 3428 5322 8416 7497 1198 6238 3318 7673 4023 1260 3279 1951 7984 8751 9641 5836 7553 636 8358 2376 7326 4962 104 9601 7702 9404 5388 2432 
344 6212 1921 6920 7491 3394 6227 4984 552 5409 3048 8640 9262 2355 9894 6768 5474 9211 7856 2795 424 4040 8971 410 1842 7249 8401 2878 6348 1963 1553 1965 1282 4424 8192 8765 8927 9530 1568 703 675 6486 5803 9587 2111 8499 2509 5193 4704 545 1996 2136 2502 4054 4053 7575 4896 2419 3267 7176 3383 8006 4638 3509 3347 2457 1310 4946 6173 9447 603 8066 8258 8991 8723 9510 416 2065 7526 6096 2864 4917 1922 326 1089 2219 8326 3713 2253 9676 3221 4389 2458 1632 7961 1371 5727 2633 7440 4986 
5984 3501 1576 6309 4008 7089 9443 7134 403 2832 4727 8311 2165 3787 213 4265 4506 4058 8307 1549 3131 5697 1736 3704 42 7261 8292 9829 5370 4894 4186 6074 7181 8975 8954 7499 3916 7808 4655 3421 4525 2725 3698 7747 1924 8711 8025 6453 1224 1640 5344 863 8464 356 2770 2950 986 9859 3476 5940 9224 58 2734 3844 3368 4850 5351 7930 6239 1616 8796 8025 7569 1443 5324 5144 3775 8877 9987 9551 2509 5320 5585 3371 255 186 6247 6417 319 6963 7773 5823 1342 6147 6563 5102 9157 3961 4930 9108 
9702 4214 1037 4886 6004 6703 8393 1722 7947 2737 5623 138 2206 2591 5866 5 5884 1383 7354 2879 4973 1523 9715 9721 6670 3484 8266 3611 4423 5064 7294 8670 9302 3380 7687 6358 5594 7949 317 7372 3613 23 5351 7274 2750 8817 7471 2544 939 7712 399 8451 6200 2071 3098 3237 7006 1912 2009 528 4771 5813 160 891 6961 7167 6669 7439 5078 4672 5804 1204 6776 8804 3018 8500 4658 7905 7700 8593 3088 8903 3770 466 35 3698 358 1016 1745 317 8819 479 7324 6577 7100 1585 6157 2428 1059 4740 
7053 8332 5866 3812 5760 8330 9345 9691 1310 8387 6477 6316 143 4897 273 3359 5875 1785 7451 102 9851 6494 2781 654 23 8835 2183 834 445 221 9982 1226 8691 2406 3019 16 1529 7870 6386 9651 3686 5916 5357 6164 9165 8691 453 286 3915 2064 5581 9523 4048 4863 8314 6353 8952 4396 8739 3763 549 9799 577 4628 8715 9682 5059 7918 6551 4036 3025 3968 269 8336 9818 6015 5036 559 1308 8515 5168 3305 3487 8610 4341 8995 1999 3194 930 1907 565 8200 4409 9343 8144 7974 3274 8627 5845 176 
3903 449 5936 2791 551 818 2054 7887 8450 9947 681 5955 6950 9179 4823 9656 3628 7392 2783 9439 6970 538 1840 4020 8494 1751 1008 7572 7123 654 5607 8907 8563 4135 8902 7739 3834 6407 5174 1593 1474 3193 4337 5105 689 2728 5143 9433 1019 7849 8494 4019 52 5541 5706 3981 8550 6245 3557 3922 7484 4566 6491 2931 841 9675 4868 9216 7848 2850 6271 5504 7937 3647 5895 2737 8036 8132 3988 7625 8997 8594 7089 219 5524 1001 6150 9749 2439 6779 354 85 3079 7439 8454 1084 5508 82 832 5563 
7270 1320 4403 2490 3281 3839 2399 3352 4835 9684 1171 604 9102 1663 4332 9529 1357 794 3143 3201 4164 8159 5723 273 9496 1743 396 5433 4952 1774 8302 8831 2055 9532 9223 1897 4647 2751 3438 1064 9620 1692 7206 1173 8890 2228 6081 1155 9139 3915 4739 6436 3761 1668 4404 7656 6212 4295 2705 3136 1689 885 9281 2656 3904 6755 9231 9538 8664 9857 6840 4328 905 1007 3362 2713 925 3685 662 7229 9516 6384 524 8948 2850 8397 7682 2528 5215 654 4793 8195 6652 9 1357 4738 9717 512 9598 1017 
4871 3195 8047 7321 4551 5073 5035 4828 348 3286 431 1785 5658 4686 5687 4451 8748 9392 2345 492 7773 3094 3352 8342 2371 1696 3030 1418 6825 5176 4218 8466 2264 5152 2298 9712 8033 2599 2852 9618 7305 4475 9775 861 2001 2137 7385 3798 4369 4304 4300 1824 97 4019 2770 4399 5460 9676 5313 7931 8993 6846 5558 7920 1599 3220 2362 2834 188 565 7107 4174 2298 1528 2314 3772 9255 1380 9012 2273 4679 6992 6783 7472 9728 2970 8971 288 7762 5075 9922 2393 6769 6343 6853 920 7040 4826 9093 8131 
2588 8574 6395 4518 4754 1841 884 6331 6558 4276 4893 4727 1 8694 6871 5153 2830 6350 4598 6479 7617 8472 2924 1945 5900 5910 3997 1470 3696 3480 5646 5541 7076 4823 7567 220 9925 6875 5779 652 6138 2636 1928 7806 1283 5301 231 198 1134 4404 5737 7598 2501 5998 2147 8030 8343 8496 576 742 8961 8993 8282 2270 5065 4947 7317 2485 8071 8040 2248 7845 9713 7041 7320 6360 1281 9633 5939 8516 5333 9024 3622 3601 8258 7771 1932 7484 390 745 6259 2548 6105 9961 3420 3505 6639 727 4127 8196 
8317 3005 8841 121 213 3926 7603 8842 2287 8638 9664 526 9062 7045 7891 526 525 3058 698 55 7036 6804 3051 3979 9899 4788 9513 7858 4121 598 3619 2959 2089 8830 4185 8365 5130 6160 3740 8648 7890 5583 433 855 1910 1671 5762 8311 9096 6711 4913 6196 3470 6661 4634 3984 7195 4149 3412 294 3564 4741 739 2808 7713 3632 6493 4660 2485 8242 1302 789 1404 9066 5771 4550 7737 203 7224 7521 2729 5293 3302 1414 7263 5426 7365 9815 5901 3762 3313 8960 2588 5495 5220 2212 4328 4261 1256 9330 
9354 5937 5783 6406 1859 7826 3249 6204 2834 5429 2633 6656 531 4346 2733 769 2405 7004 7999 596 6197 9534 1605 8436 732 3297 9418 7094 8978 626 6510 235 3965 5936 6497 719 3002 1563 2983 1151 343 6968 3481 5528 954 4401 8936 1817 7554 3321 5774 4170 5560 2077 7123 9718 9681 6182 8473 8612 6675 7788 5220 1172 3873 900 1161 3412 6341 8377 1266 7682 6265 7097 3820 3948 1154 966 797 8643 6954 2525 2981 2830 6969 7251 2720 6619 8830 8331 148 7616 8911 9413 4286 1456 3243 8177 3652 7865 
5320 96 1366 3209 3631 4763 3909 1889 3824 5965 3936 7858 2178 3547 4488 1508 9163 7012 351 6070 5193 4068 641 3263 9867 7938 1742 275 7151 2009 4196 7409 2584 580 6405 521 955 8675 1818 4011 6278 314 7044 8523 4510 3432 2234 8496 6308 4405 9844 8619 5940 4548 1827 2437 6473 1624 2219 4801 5808 4963 9102 3137 9319 7321 4005 677 4258 3044 8190 1070 7962 1729 7389 384 50 9943 4768 8502 9831 1688 4932 5535 7171 7199 8125 5206 1583 1017 7062 4959 6755 1889 9269 5085 5931 7908 7466 4241 
7159 643 2484 2173 1023 1782 960 3207 1809 8829 8367 7417 6841 1538 8626 2325 2491 7722 341 9077 992 2315 6373 1952 1563 5816 2015 5913 9255 1543 2487 7266 8863 6627 2514 9326 3897 893 6368 5491 4528 1901 4009 3070 844 9751 1267 6289 3344 1321 7229 6711 1808 3777 5579 7913 9565 5563 8719 4313 2863 3671 5712 1147 3998 7913 858 931 7964 810 5154 8745 130 9644 4995 4041 2566 1835 1434 6839 7270 3791 4042 8784 4676 8094 4989 5788 4205 7854 7800 9968 9575 120 7050 5344 1287 7912 9985 417 
8157 7729 2201 5611 2252 6526 2305 6222 4010 2866 4251 9724 2512 4417 1504 8420 8158 6056 1054 5759 191 6695 5280 9187 9636 2591 1240 3973 3951 6693 3435 9227 4750 6550 2553 7328 2354 6246 6007 9328 7212 4065 8779 5091 7843 7090 948 9959 4404 1569 611 949 5030 71 1481 5734 6504 7310 239 799 8122 8388 6524 7639 6405 6590 1175 6793 5720 8872 5353 3860 3408 5338 1981 7568 5906 6759 7991 2812 4952 5279 8719 611 2183 8260 6393 7740 2089 442 7682 5264 8395 8616 4056 4535 2629 3147 8038 971 
1873 7785 3979 718 7962 7250 6246 8296 2850 3155 5088 8840 2544 2245 4886 8955 5077 3234 1042 7115 409 3959 9701 8815 2343 3621 2147 416 5602 6754 8986 5259 7586 4045 144 5858 990 4366 5369 9102 6759 8219 8146 8463 8479 1863 2893 8755 6389 3316 2121 5973 7998 6506 4045 5901 1218 6720 8817 310 1424 6519 5576 6236 8766 5159 3966 6660 2929 848 6795 9446 6149 1490 2833 3813 7737 5496 4407 6943 1707 1519 6274 4623 2732 3653 3789 2448 4207 7405 8693 860 8019 2911 4212 163 4122 3851 5096 3335 
9445 6494 8670 6452 8079 2029 4144 749 5187 9998 6329 3089 7642 1143 337 9277 3989 4222 6650 1835 4291 4111 1077 3544 4351 3820 8977 6083 7706 7710 6449 5696 3056 9482 457 5005 3626 5599 117 9676 5775 4348 6390 3663 679 9519 1242 5906 2062 8695 7942 8338 4946 4107 7523 9484 2521 9123 2691 8320 4993 9780 3918 2259 8677 5098 5517 5396 5801 7437 3394 8870 5123 9478 6946 9980 5878 7131 2817 5588 3484 870 6440 8906 8447 4468 2789 9453 2116 5689 847 9118 7844 8960 243 6468 9528 5760 224 7517 
9169 1227 6941 5663 6674 8512 5394 989 4554 9472 4009 2469 6546 4429 3874 2518 4079 7342 7181 9934 4868 5600 6472 2433 7591 8775 2165 3495 1438 6898 5734 9772 2982 3532 3960 1083 1952 5598 5353 2580 1816 3457 5896 9450 4500 1810 9096 5050 9829 4415 9440 3557 9549 5646 4226 7870 1597 5004 2678 2271 9385 8722 866 2774 5067 5508 4664 589 5617 9748 9068 791 3892 2803 8224 4726 3542 1639 2366 1722 2103 2264 2914 1940 9059 6373 18 9416 3227 7092 8330 7281 7039 9382 6840 462 6533 6424 8193 4490 
8217 7270 8814 2346 5442 2554 2039 4287 7532 3874 7818 4235 7158 320 5911 7376 9642 8763 667 7972 2709 306 8919 7345 1107 1185 3933 9657 4392 3388 4087 2694 1853 24 2099 8271 1125 9049 79 2439 1146 8102 4285 7248 3273 7945 7107 2461 3111 9650 8274 5029 5054 5195 2224 4162 8809 2790 932 7977 536 3955 7150 9269 2591 9694 1536 396 3505 2437 4077 2883 7061 6838 7965 2253 2738 1543 2426 9502 8493 6528 3690 9199 5099 1570 2089 1498 165 1771 2866 3716 9576 4001 9977 2970 9573 5052 137 1604 
8044 6641 5365 2407 3327 104 1549 1735 8358 1487 6975 457 335 1911 7399 5782 3376 2492 6949 3179 4219 3955 6122 4205 4796 6588 1582 5819 2498 7942 464 6396 4296 5521 3195 3239 6670 8639 8018 721 601 5540 3048 4064 4675 5453 7742 9182 9920 1709 1706 4570 4671 5969 5360 7897 9322 2565 6512 5882 6874 9680 5563 5206 6089 1771 1907 1670 5029 3935 5375 4031 1950 6699 4935 1624 7885 5493 3714 940 8096 408 986 6379 4982 4571 5241 8587 2692 2051 8178 3515 3057 4158 94 4440 7908 6720 6753 7225 
2376 5020 9688 6453 7450 7400 9810 3621 3311 5650 6184 9923 820 4593 7514 1937 2755 9044 8408 3351 6302 3175 2681 5460 7516 1493 6892 7557 6605 55 1145 7972 6428 1113 6370 7672 1504 974 11 8634 9854 7210 9907 4360 9503 7181 7406 7890 890 4160 49 1681 7902 1704 490 5095 7069 8375 6441 1874 7432 8673 2686 2859 9571 220 7056 4587 7221 4881 5863 8508 5503 2080 312 9677 9174 7200 2331 5392 847 1619 6137 222 7654 6983 8615 7850 1706 3433 9066 5474 120 4517 6038 5601 7155 1704 9191 8514 
8365 5782 2731 1343 9413 6008 5802 72 6189 7229 9538 8496 7142 7457 7172 4112 7722 9707 4293 2767 9430 2128 3682 7129 5506 8837 5507 2891 4527 8449 2154 8833 7500 3553 4009 8855 5044 485 5517 348 8471 7128 6874 1285 5715 7118 9380 286 5439 7766 2808 1930 6037 6526 8325 4571 314 9077 3531 2269 7787 4891 1630 5981 4981 2677 3766 2504 1968 7869 38 2430 2121 5063 7542 6533 6363 7310 3184 7369 8921 2156 7636 7937 6107 4744 3592 6589 6387 9370 4288 9851 6811 8154 1333 3721 4956 7175 3557 5749 
3325 5875 2952 2145 6774 6571 7146 5122 2688 1061 3577 4023 2620 4626 4861 6390 6092 675 7038 1714 7826 1063 631 425 8595 594 9334 1578 3159 3722 1596 1556 9120 7179 1719 7977 8276 122 1305 8753 2344 3079 1557 1867 43 7131 726 1038 5917 4193 364 2494 4458 5921 8724 6458 8967 7207 6322 6674 6296 1955 4334 6838 2459 2985 3048 1850 5637 3416 7433 5174 5862 8440 5576 3321 4395 6684 8997 5821 913 24 6741 5541 5105 172 3291 1364 1100 3629 9424 8311 7700 261 2974 5810 7172 2513 270 7417 
7885 1577 8844 7636 9294 5228 4036 8630 1920 9305 9564 9431 7675 4250 3630 5276 8936 8523 7056 5192 8869 7113 6065 3837 2814 6053 7122 7563 3774 231 4414 3897 2625 687 2216 2417 6389 2135 5120 4020 1405 6661 3217 5967 5665 3005 8442 2502 2982 5506 7015 8365 1349 7149 3387 86 8235 7878 1468 4308 6685 5231 3499 6606 5301 8625 6431 4079 6461 1085 9405 9178 3559 7221 3190 810 5558 1763 6989 7752 5965 1255 9491 3238 4050 958 2305 9512 463 3773 4081 3986 6405 5645 122 1276 7469 6769 1942 2451 
1676 4819 9009 7609 8433 3740 992 2588 5103 6690 7484 148 6402 6363 2970 3574 7760 4976 3464 1190 1981 3341 6102 4345 922 1685 3742 9400 3068 3475 4353 9232 149 1259 7632 2679 4481 4318 7252 8473 5374 9292 1914 4816 7976 372 8766 3874 7649 8503 6899 4628 7050 2427 77 9501 7617 2652 7483 9381 6407 9372 5812 1724 8331 5546 9821 1127 1192 6273 7652 2997 6297 5015 8380 9455 6469 8390 4069 1070 9050 3224 1831 3863 1050 3275 9019 5393 1692 9044 5990 6823 849 3471 3331 8073 1109 741 4924 7661 
5133 742 373 1011 5395 9606 805 1222 9370 1332 6337 7838 9968 5957 1927 8946 6016 2816 3972 3130 5921 4994 7922 6979 159 289 2082 8572 356 7134 1890 4334 9554 2820 5786 4984 7567 2253 4201 9127 7998 7955 199 165 2022 5395 695 4073 2433 9150 2300 4748 9747 266 4916 2684 5141 8598 5748 4953 9197 8218 1586 7340 8348 8892 5897 5752 7155 5551 6365 6744 7699 9558 4763 1944 8128 1127 5180 7696 8161 5210 6374 8875 4166 1760 5055 5398 2806 4833 911 1268 4853 926 912 5901 8046 3029 629 2887 
3859 3058 7828 7853 6094 3778 8833 3003 7666 7587 8713 9148 787 6968 7448 1387 4207 5401 3879 6325 7319 9078 1189 4400 3534 1580 5249 4917 1581 3409 82 5816 4465 9209 6483 9432 226 2938 4781 1330 3920 4893 8451 1968 6300 1659 9108 5967 9888 7655 9905 3214 5228 5707 3660 6290 2990 3290 9992 2406 9021 5908 6467 96 323 7768 5869 431 4580 419 2083 2385 1711 2711 5613 9024 3888 424 3088 3436 191 1903 2960 7364 6121 2001 8550 3902 8984 7290 8666 5318 5602 3139 2013 6195 3323 8051 1782 7061 
7880 5361 455 4491 817 3719 3083 8113 3410 6498 3838 7206 9279 3494 5401 6315 2161 2382 392 2792 5648 322 2826 1881 4031 4417 9253 6133 7631 8734 3491 2799 6289 8087 4541 5781 4316 6575 1378 7462 6295 4174 3571 8449 1011 4238 6959 4856 6568 1558 7046 4771 4491 1364 3005 3265 5849 2003 2685 9930 866 1324 1383 7743 6340 1033 7128 6403 4467 9301 8197 8067 4514 7775 7012 8336 1249 9245 3414 8062 1108 4092 2756 5397 7147 758 7925 5444 707 4621 9306 5445 6440 3923 1111 8091 8725 6060 3102 9449 
4330 5819 6345 5116 281 6122 7555 5400 333 7781 5251 81 631 5733 1910 2160 1382 5978 169 4005 9298 4546 1328 6955 1702 5462 6870 5911 1815 7956 4753 5386 2469 5607 4417 5174 9358 2290 6661 1853 9577 1756 2841 7525 6629 1972 5072 6840 8127 5206 1866 9976 5962 3862 3171 9952 2766 8601 5640 1733 5231 9860 7574 8859 1625 2988 321 9876 7669 9804 2078 2195 3483 2948 6205 7663 3380 5662 54 5043 6234 8621 3327 7794 1294 510 5367 9272 9622 3921 5282 3803 7601 7712 7666 1696 7640 6701 4862 8090 
707 4251 2817 3614 3253 3267 354 9586 2022 8343 4572 1651 8395 882 9801 1574 8211 9982 1664 6966 7920 2640 9815 1084 7072 1902 9495 989 1416 880 8155 5405 2588 3908 260 433 4141 5515 5213 4642 1007 5906 4757 766 4646 1467 2942 9752 3293 4921 8577 4447 2930 9947 2204 9277 9793 8063 4330 7974 3132 8312 9757 3024 1556 4026 1546 9409 1398 6370 8416 5124 4485 8915 7015 5206 5279 1723 7825 2749 8879 1316 9904 8967 2879 6726 8916 9648 9128 6841 2798 9278 1128 6745 7975 7767 5134 130 8966 6498 
2884 683 6338 9771 7866 4687 9508 3199 8635 2358 887 7927 7870 7186 9215 722 2572 5541 5636 9115 264 5504 3401 8842 4000 9367 9245 5814 1599 1328 8126 6104 3676 9882 8804 3755 5922 9305 6865 8287 7357 9536 8963 1356 1854 3144 5428 9700 8283 9612 6510 4897 5558 4055 3518 5038 5592 9269 1284 386 7706 7223 5620 3687 3936 754 2172 7240 5363 4231 50 2760 9529 4108 8298 8624 9234 5705 6353 5040 9282 512 4553 8663 1494 9555 5297 6702 8613 9849 4415 462 8964 251 9261 6386 550 1033 1502 4903 
6287 6362 267 5263 8275 1344 7359 9621 8575 9514 8155 7659 4275 1683 1110 7952 6507 8456 9573 3293 3033 6486 323 6142 9681 4321 7693 4174 1889 4546 1901 3083 7178 2824 1808 6392 9887 8255 5158 8993 2761 9742 4422 1865 6244 7850 4604 4256 3130 2680 8320 449 5690 7808 9107 3159 4869 7117 792 5375 3765 7633 6397 600 4313 2853 2453 8583 7713 8717 7844 1239 7555 1514 2214 4830 4088 3082 8332 4987 3703 202 5940 2364 8443 939 1748 9564 35 4114 6754 136 5686 1482 4739 3554 928 2388 2814 4815 
7278 9838 9036 2428 6386 2210 5839 8446 1715 4613 7548 9142 7701 48 166 4978 1184 6331 7352 6161 6351 1797 1727 9903 4776 1264 5890 4734 1875 2378 655 662 1624 8822 2899 3987 7642 921 8549 5644 298 1808 4783 9684 8041 8286 4378 2473 5981 1172 9462 8042 191 2457 4371 4022 3519 8361 6174 9711 1557 8714 1195 7982 2613 5673 3788 8384 9262 6067 1019 861 6207 880 3370 8681 4534 9385 6820 6195 6199 7786 7951 3644 5333 3731 7425 3298 9760 1272 5580 3082 8299 1417 7112 1963 5016 9099 395 7831 
5715 293 6807 9429 9288 967 5696 105 9841 5717 4072 2566 4048 6961 6474 1258 6710 4310 687 7847 526 561 1472 3025 6584 8154 8984 8739 4805 17 2821 7708 8620 5283 7420 5704 6936 9755 9654 9033 9054 6213 8586 5988 2990 9918 904 6584 5061 615 8159 7432 4460 3304 9644 8026 6546 1474 3681 4712 4833 4733 8733 3828 9887 8448 2477 1065 5683 446 4287 5676 8129 5741 478 8033 1396 4387 7791 5162 423 6121 1207 6106 6321 9809 1847 2728 3210 2388 9541 1871 926 2900 568 7122 2013 352 3135 4301 
3181 9094 6463 2295 8525 9170 9864 8115 3766 1909 6642 309 4640 7057 3177 4738 8190 1600 6994 5008 5703 9301 3961 1036 98 2442 3705 4059 1853 4136 9655 8088 4986 4230 3915 7644 3655 744 5083 2060 8616 3832 2214 9580 5539 1698 8138 1489 9112 4506 6147 8661 795 584 9665 1347 2688 2083 8388 8129 593 140 7767 5278 3502 1441 7542 657 6818 4370 8893 9601 9454 7712 8750 3091 6357 5089 9326 8430 6036 1121 3886 3531 2635 9922 4321 5671 6619 8836 9918 586 30 5231 4596 1282 8078 2957 8324 9769 
8243 9349 3248 1526 3245 9586 6111 367 6954 3714 1705 6908 1412 3786 7093 4086 8842 5991 6957 4958 7482 7807 9754 6026 2232 2870 8786 8842 7389 1228 9722 665 94 7012 3818 2095 8440 7584 8668 4579 2037 9240 9647 7294 1038 7065 142 5434 2653 3274 8665 6874 7070 8729 5021 1683 6434 5988 2069 6312 143 8468 220 9667 455 1732 7677 1119 7666 5071 8921 5187 7531 7751 9668 4793 5029 4258 7485 7660 6840 5327 2808 3264 1276 6567 7978 5227 9328 2494 2336 8337 2536 3832 2301 8253 2577 2152 5198 5899 
9041 7828 235 9860 4896 7924 5580 4080 2685 8010 5349 8671 8399 2699 3168 4595 7513 8971 5654 9909 6232 4407 8969 8968 6988 4668 6033 7675 7697 3013 7137 5527 1449 3457 1461 7496 6295 1987 459 8249 9546 1299 2730 7128 1237 7202 6179 6057 6887 6747 7683 8214 1996 5156 6019 8243 4671 7300 4620 1183 9466 4494 250 7751 5484 4972 6220 8773 5013 9399 1972 230 6449 4418 9601 1050 575 7879 1927 516 8492 8585 4312 2864 5505 5912 3313 4852 390 2819 5379 15 3713 392 9053 7263 9311 9175 8659 6847 
8478 7653 4525 1229 4548 8556 765 2169 1696 7919 7470 2313 1403 4218 2598 9977 5802 1032 7865 7552 8419 5935 4570 6846 9002 7335 6237 6674 1255 5576 1038 2744 2069 5920 1112 4335 6809 4547 6115 7593 1357 2445 6221 8859 5960 1715 3604 7684 2620 1592 7917 7387 1644 3419 4948 2193 7928 2958 2752 3381 1639 9409 3330 1990 4591 413 5642 6099 4515 6476 54 8158 9898 4421 7768 5648 4520 2503 5203 6086 4075 8027 6354 7704 3540 7499 4341 8282 7328 529 7481 3580 1491 8584 5458 4972 7232 5167 1319 5980 
3078 9372 155 5165 6010 9677 5635 9194 3373 409 6697 2674 523 2757 4860 4861 6031 3315 6130 8575 9350 6997 9291 6891 7791 6623 8035 9359 3243 6427 6787 4701 7334 8229 9444 3545 322 6390 7250 9742 493 4783 2697 1660 175 2731 4863 2380 3970 4967 3454 4756 3197 7614 3275 8005 4511 8716 4792 8145 2181 4340 7394 3195 7080 7485 8872 7191 1766 3703 9145 3664 4443 1275 8808 1736 9931 1953 5455 7434 3599 219 1677 5723 6794 3039 5710 3535 8567 3634 3381 696 7441 6367 4216 3146 6558 1814 4344 3546 
4521 3842 2604 2916 9115 1299 3881 3019 5269 7706 8096 9963 8588 5555 3636 2298 7361 6540 4022 2237 8732 1588 7183 2936 1060 703 89 2717 5262 6438 9354 6454 8560 1611 8062 8781 577 2794 4065 7016 8047 5691 4774 8706 5452 835 2326 8388 965 5690 200 4083 6752 9720 8057 7011 5586 6009 7865 2938 6203 5104 3938 1231 5487 2807 1845 1728 5969 3188 8835 6723 6077 6151 3764 8804 8435 4303 1784 2462 8283 381 9080 1765 8729 6225 2808 6463 4031 4800 5675 6563 1849 3111 291 6105 1497 4585 1651 3665 
9231 6500 2467 7856 4389 2690 2496 85 949 6252 7165 6426 7447 5336 2778 2934 458 355 4367 4383 4190 1257 6309 3949 2124 9777 945 3049 5635 166 1678 6436 640 5344 5734 9396 9881 3714 2604 569 6598 1276 4905 8334 524 832 4722 6635 4919 1057 1154 856 6452 8232 2649 6811 3720 2289 897 4290 3409 9138 8248 1773 1287 3419 6687 7026 9565 6680 9262 6884 1226 948 8433 9917 6015 3320 6867 5880 9141 9601 9270 2444 8804 7728 6285 9123 3234 9946 8774 6201 1110 9392 7782 7359 6904 7497 9650 7646 
7735 395 3768 3673 9958 9672 1257 1468 3220 2501 6643 9137 502 6374 2990 1777 2499 9637 9475 9415 3501 2498 8996 6160 87 7364 2700 3663 9335 6126 4500 1501 2937 9165 2991 8973 7277 13 67 5198 8158 2762 5317 5945 5120 4372 9855 5658 3157 8540 5824 220 1868 9804 9584 573 6183 7203 4942 4865 4648 9838 4841 7010 4007 7826 6663 3044 4546 8501 6165 8775 3938 124 9612 4278 2966 4975 6764 5980 1582 2409 2296 4454 9909 7356 3533 8435 1020 2705 2960 6089 6063 7949 5652 8753 4023 5807 6116 594 
