24
143 4 264 128 522 558 511 22 332 231 245 475 437 135 175 189 517 100 294 484 235 277 543 133 
300 529 296 84 44 181 432 470 93 100 324 532 129 392 290 491 349 55 443 1 508 114 458 82 
540 135 332 296 378 342 27 41 309 48 555 458 417 27 351 290 491 50 137 25 484 553 61 511 
300 111 336 313 444 172 178 213 527 362 421 63 174 271 345 333 407 392 102 437 9 130 357 350 
495 466 364 275 102 565 292 404 557 369 264 7 104 154 507 396 145 176 262 430 316 38 494 565 
260 446 46 216 535 399 342 463 27 552 512 7 380 79 106 431 212 98 565 111 437 351 185 441 
470 447 515 311 87 508 556 228 178 52 87 503 384 166 198 249 293 345 473 440 538 155 485 532 
21 295 493 54 87 352 0 481 274 506 495 416 116 504 104 415 276 79 435 86 184 234 201 480 
385 135 524 106 564 318 296 326 421 482 68 287 194 512 548 327 313 517 542 109 199 252 374 234 
350 180 153 250 178 319 179 264 225 87 109 289 445 28 198 523 183 185 269 303 41 228 568 369 
511 131 420 288 131 44 234 137 517 389 26 422 547 458 535 180 186 429 207 98 41 408 341 293 
446 206 156 40 192 495 274 289 281 282 470 447 477 557 408 63 571 424 524 30 127 495 523 425 
449 174 134 176 430 23 167 281 368 454 518 16 509 390 388 540 377 237 392 397 265 290 468 402 
374 255 323 487 121 273 417 235 297 188 422 207 510 572 17 171 65 70 414 555 210 205 547 422 
85 352 333 399 570 112 433 516 360 368 17 452 262 405 174 254 166 381 453 4 78 44 423 414 
419 305 120 507 436 359 68 3 480 535 121 7 358 443 453 346 455 285 269 377 538 94 454 293 
556 467 52 338 17 394 253 503 459 170 297 326 534 248 313 54 14 374 288 251 382 230 482 152 
326 108 328 10 232 209 125 485 111 420 9 189 188 443 295 59 494 407 260 335 557 357 279 260 
468 417 343 175 313 341 350 257 345 319 152 60 37 17 487 130 483 402 151 265 67 546 441 235 
447 346 478 154 173 466 498 433 36 508 498 549 201 45 459 346 565 508 337 338 68 131 88 448 
189 387 563 123 281 36 7 334 242 281 394 428 201 98 413 1 564 363 68 99 34 18 510 295 
460 6 389 144 507 522 228 163 240 473 240 86 243 100 548 230 187 183 221 72 54 249 238 439 
247 210 417 108 506 423 331 236 148 1 523 379 315 331 543 366 175 570 226 286 261 519 38 313 
334 152 298 114 360 381 312 152 160 341 30 133 195 465 518 365 64 400 180 278 507 106 220 166 
