16
79 196 136 0 74 174 63 150 76 167 245 27 53 7 239 189 
197 100 166 100 43 85 95 69 44 81 104 148 236 181 240 86 
93 228 132 84 65 136 34 43 221 247 251 129 60 178 202 82 
28 7 204 104 122 214 91 233 181 112 43 10 97 155 31 226 
171 178 201 89 100 233 125 63 172 175 16 121 60 44 50 85 
79 234 101 255 46 143 153 13 87 200 102 53 73 66 229 30 
239 210 44 83 166 181 100 84 237 241 136 199 168 218 187 204 
17 176 70 110 60 102 46 53 68 126 110 216 23 15 214 15 
219 232 128 135 252 207 234 239 212 226 181 47 245 31 249 185 
22 255 67 247 151 60 44 228 178 180 151 183 64 102 134 185 
37 153 153 56 90 27 37 148 149 167 237 118 151 96 128 33 
18 122 47 224 52 248 168 159 212 143 51 150 56 170 137 32 
129 135 76 170 180 126 40 198 101 98 132 95 2 0 228 7 
185 197 222 109 7 124 182 234 222 52 153 58 114 63 115 72 
161 87 109 33 253 220 6 11 119 57 205 175 169 100 184 113 
191 131 36 224 3 172 106 73 5 197 26 102 99 138 215 52 
